37 0.378372 
38 0.394371 
37 0.502949 
40 0.353519 
36 0.331429 
33 0.480621 
32 0.524113 
41 0.390915 
36 0.36145 
40 0.429272 
35 0.378601 
42 0.459816 
38 0.46553 
35 0.40612 
34 0.425331 
36 0.490891 
39 0.416519 
34 0.393913 
32 0.398415 
35 0.402065 
39 0.3937 
34 0.37014 
37 0.420692 
37 0.407936 
38 0.44096 
29 0.478901 
37 0.436642 
36 0.390305 
39 0.465599 
36 0.45763 
38 0.381111 
31 0.330376 
37 0.355705 
37 0.452206 
38 0.435642 
32 0.402107 
40 0.367439 
35 0.449699 
36 0.419258 
35 0.465866 
33 0.487087 
36 0.442684 
36 0.390732 
34 0.383358 
39 0.411251 
35 0.464252 
36 0.468834 
37 0.428989 
39 0.439365 
29 0.379501 
35 0.399006 
26 0.426674 
34 0.365227 
37 0.44923 
35 0.348328 
37 0.407879 
33 0.392899 
39 0.459846 
30 0.397247 
32 0.407616 
32 0.406837 
36 0.469475 
37 0.382446 
35 0.374958 
38 0.358521 
33 0.508492 
37 0.364704 
34 0.388519 
37 0.428772 
36 0.494648 
40 0.421253 
35 0.436459 
35 0.441273 
34 0.416191 
37 0.471779 
32 0.459511 
37 0.417469 
36 0.395782 
37 0.468048 
34 0.392353 
32 0.443161 
35 0.333149 
37 0.358662 
40 0.360466 
39 0.467831 
32 0.33773 
37 0.416515 
35 0.513794 
34 0.367615 
31 0.407932 
31 0.508072 
37 0.385044 
37 0.385227 
38 0.468098 
34 0.480099 
31 0.402954 
31 0.360409 
35 0.388927 
33 0.43045 
34 0.419621 
35 0.355465 
33 0.39307 
34 0.439163 
35 0.446957 
37 0.412823 
38 0.46542 
32 0.361099 
35 0.415646 
40 0.494293 
30 0.364147 
34 0.37508 
37 0.413834 
37 0.362068 
33 0.459846 
33 0.346836 
35 0.395061 
39 0.391335 
28 0.435467 
36 0.410915 
35 0.433907 
28 0.408142 
34 0.410992 
31 0.41761 
39 0.42392 
39 0.434803 
39 0.42664 
34 0.361507 
38 0.478695 
39 0.388531 
37 0.372799 
38 0.368649 
36 0.398033 
38 0.429707 
33 0.392212 
34 0.426373 
33 0.374081 
36 0.432953 
35 0.380264 
37 0.389576 
37 0.410164 
39 0.414673 
37 0.407276 
34 0.401222 
37 0.393288 
38 0.418766 
33 0.42115 
36 0.382095 
36 0.488289 
34 0.444817 
34 0.415245 
37 0.382328 
30 0.390045 
34 0.3922 
40 0.484547 
36 0.4058 
35 0.419228 
39 0.388191 
33 0.477486 
37 0.398129 
33 0.448986 
33 0.337563 
37 0.427067 
41 0.455288 
36 0.409481 
34 0.401112 
35 0.385811 
29 0.395416 
39 0.457809 
35 0.430435 
36 0.410637 
30 0.415401 
36 0.431625 
37 0.424839 
42 0.455284 
33 0.47884 
34 0.37302 
28 0.374802 
37 0.4105 
40 0.424328 
34 0.399452 
30 0.373413 
37 0.386974 
31 0.424389 
37 0.492027 
32 0.508816 
38 0.440342 
32 0.391716 
37 0.417934 
35 0.417263 
34 0.376221 
37 0.411015 
33 0.415707 
36 0.426182 
27 0.482895 
34 0.439259 
39 0.3848 
35 0.346378 
36 0.362362 
35 0.377956 
28 0.402756 
36 0.446869 
34 0.382694 
36 0.379131 
37 0.445538 
34 0.391129 
34 0.404049 
39 0.384254 
33 0.506149 
35 0.389679 
36 0.364479 
36 0.47197 
31 0.448151 
40 0.386982 
37 0.393234 
38 0.410748 
36 0.391144 
35 0.367714 
40 0.498009 
36 0.460011 
37 0.397884 
37 0.432568 
40 0.469002 
32 0.362698 
37 0.449936 
36 0.442642 
38 0.394062 
34 0.378304 
33 0.400681 
30 0.37933 
33 0.364315 
41 0.368416 
38 0.39677 
35 0.474522 
32 0.432838 
36 0.449066 
37 0.436619 
36 0.420971 
36 0.476116 
39 0.411335 
33 0.329071 
40 0.466473 
40 0.39872 
29 0.416546 
38 0.423882 
37 0.376228 
34 0.4832 
32 0.406113 
37 0.460697 
35 0.39613 
38 0.365086 
32 0.426186 
39 0.466385 
39 0.396812 
39 0.413681 
41 0.480423 
35 0.327618 
35 0.461567 
34 0.401192 
33 0.444256 
36 0.344841 
40 0.39566 
40 0.385258 
38 0.428837 
33 0.388046 
29 0.356663 
36 0.384373 
38 0.42598 
39 0.397251 
35 0.467987 
37 0.425179 
38 0.370922 
31 0.324154 
36 0.448513 
32 0.477104 
41 0.495419 
33 0.38171 
39 0.466568 
34 0.385639 
32 0.432251 
32 0.473419 
38 0.475849 
32 0.479778 
30 0.459969 
33 0.430904 
37 0.480606 
36 0.293835 
37 0.410591 
37 0.44696 
34 0.452999 
32 0.386829 
33 0.388863 
32 0.433254 
37 0.417709 
33 0.383644 
31 0.491405 
37 0.358234 
28 0.448334 
35 0.445747 
28 0.364044 
37 0.396717 
37 0.33242 
33 0.339054 
34 0.358662 
37 0.384438 
30 0.339432 
32 0.465237 
39 0.468204 
40 0.462494 
37 0.442123 
40 0.464272 
34 0.435772 
31 0.35791 
33 0.389004 
35 0.339211 
38 0.473934 
36 0.410564 
34 0.456627 
32 0.430756 
36 0.471378 
37 0.424721 
33 0.485649 
34 0.450699 
38 0.362614 
36 0.405468 
35 0.435265 
30 0.359516 
40 0.438332 
32 0.456894 
40 0.425552 
34 0.382145 
34 0.427505 
35 0.451519 
35 0.409393 
31 0.4021 
31 0.441322 
35 0.419945 
38 0.417137 
38 0.375267 
34 0.391975 
40 0.438293 
36 0.432217 
35 0.415886 
36 0.37204 
35 0.380886 
36 0.432514 
37 0.460552 
34 0.428051 
29 0.458382 
38 0.355541 
37 0.511456 
31 0.440365 
36 0.386189 
38 0.445744 
31 0.350338 
33 0.485001 
42 0.314392 
35 0.398464 
37 0.4352 
35 0.456619 
36 0.424633 
36 0.443386 
35 0.512257 
34 0.391293 
34 0.500538 
35 0.348953 
35 0.434589 
31 0.480755 
32 0.468857 
34 0.470554 
42 0.446098 
35 0.393406 
34 0.47921 
36 0.489414 
30 0.307766 
35 0.353069 
37 0.426075 
36 0.459209 
37 0.446224 
36 0.366123 
40 0.384827 
37 0.442581 
35 0.399879 
37 0.41449 
38 0.395203 
38 0.416946 
32 0.407936 
38 0.376911 
38 0.450329 
31 0.466755 
37 0.46756 
39 0.458519 
33 0.429241 
36 0.437332 
38 0.42831 
35 0.361446 
34 0.295864 
35 0.460205 
35 0.423992 
34 0.485912 
34 0.399269 
38 0.444439 
32 0.411499 
30 0.389015 
38 0.479858 
37 0.422066 
32 0.31337 
40 0.45631 
38 0.406956 
35 0.482883 
35 0.399021 
33 0.470482 
32 0.427452 
35 0.387444 
33 0.378353 
30 0.395569 
36 0.369194 
35 0.445068 
34 0.407433 
41 0.464394 
38 0.390518 
32 0.343323 
37 0.452538 
32 0.379791 
38 0.392033 
33 0.412136 
35 0.443829 
39 0.447266 
39 0.447388 
35 0.462551 
40 0.491184 
33 0.44598 
35 0.461761 
34 0.456146 
35 0.476013 
32 0.353275 
36 0.405037 
35 0.42775 
33 0.408443 
37 0.381111 
37 0.436035 
34 0.458122 
43 0.355148 
32 0.450737 
36 0.449348 
35 0.440117 
31 0.391796 
33 0.415157 
38 0.433701 
38 0.39259 
32 0.421631 
37 0.459545 
37 0.388699 
35 0.491184 
38 0.371384 
29 0.378551 
37 0.37188 
35 0.463501 
35 0.441673 
36 0.437672 
31 0.323444 
35 0.338318 
35 0.415081 
35 0.480942 
32 0.387726 
35 0.476757 
38 0.382381 
35 0.507568 
32 0.443024 
35 0.355217 
33 0.4557 
39 0.392952 
31 0.356522 
38 0.381931 
38 0.430576 
36 0.404068 
32 0.341015 
33 0.470707 
38 0.403427 
35 0.416912 
29 0.385536 
34 0.46196 
39 0.422764 
34 0.399563 
36 0.441963 
35 0.401031 
33 0.399117 
34 0.461235 
38 0.51041 
38 0.314556 
37 0.350094 
32 0.420731 
38 0.357403 
35 0.356106 
31 0.302757 
31 0.402847 
37 0.395493 
31 0.340462 
34 0.447289 
37 0.43111 
34 0.401939 
47 0.408016 
33 0.456512 
39 0.40852 
39 0.389339 
46 0.461884 
41 0.433163 
38 0.454945 
35 0.414623 
37 0.370731 
42 0.406143 
34 0.418873 
37 0.435448 
38 0.457874 
42 0.473312 
41 0.498608 
46 0.435394 
39 0.430767 
42 0.490574 
39 0.39275 
41 0.444942 
45 0.486038 
33 0.486427 
32 0.426533 
35 0.373722 
39 0.48465 
40 0.40543 
36 0.419853 
39 0.408306 
37 0.428173 
42 0.457924 
36 0.41243 
34 0.377724 
38 0.459656 
38 0.391373 
34 0.442585 
39 0.452042 
47 0.415558 
35 0.358513 
44 0.366116 
46 0.47282 
38 0.418655 
40 0.384338 
42 0.402542 
39 0.352352 
40 0.425209 
39 0.432072 
39 0.426453 
42 0.397743 
40 0.441696 
31 0.39146 
44 0.369854 
44 0.398582 
33 0.413509 
38 0.406967 
40 0.451206 
39 0.426434 
34 0.429749 
38 0.364319 
40 0.416332 
42 0.410461 
41 0.405674 
41 0.412514 
41 0.488548 
38 0.430935 
39 0.46299 
42 0.449665 
44 0.465881 
34 0.269867 
40 0.381153 
38 0.41214 
36 0.456646 
39 0.43885 
35 0.459602 
43 0.450966 
41 0.449635 
33 0.421192 
41 0.415257 
37 0.455235 
44 0.444427 
34 0.464382 
34 0.459587 
42 0.420212 
38 0.415314 
43 0.39481 
44 0.426826 
38 0.434471 
37 0.469971 
39 0.443871 
37 0.448177 
44 0.414845 
38 0.435528 
39 0.453579 
40 0.405556 
38 0.468739 
36 0.434811 
39 0.475368 
42 0.440994 
44 0.365269 
44 0.445816 
42 0.469151 
42 0.393627 
40 0.470257 
34 0.401836 
42 0.487217 
39 0.455215 
37 0.361366 
37 0.444351 
39 0.452625 
43 0.376801 
38 0.443619 
39 0.395527 
40 0.424889 
37 0.395664 
39 0.441452 
38 0.40057 
39 0.449211 
39 0.361931 
38 0.443005 
42 0.444004 
41 0.450974 
37 0.420631 
35 0.369331 
40 0.414837 
43 0.341591 
38 0.493294 
43 0.457024 
39 0.423595 
42 0.414322 
39 0.445473 
43 0.444942 
38 0.43911 
39 0.40184 
43 0.461273 
38 0.40691 
41 0.424442 
43 0.359348 
38 0.45435 
35 0.386971 
38 0.32856 
39 0.424358 
39 0.439651 
40 0.359955 
33 0.440983 
42 0.365719 
36 0.387508 
35 0.437336 
40 0.458313 
34 0.379562 
40 0.371693 
43 0.45509 
39 0.397331 
37 0.43861 
35 0.497829 
34 0.426521 
34 0.334011 
36 0.450783 
39 0.378582 
38 0.450703 
38 0.440765 
36 0.429127 
38 0.428905 
41 0.499348 
38 0.393021 
40 0.445644 
38 0.436237 
36 0.395908 
41 0.424641 
40 0.428131 
38 0.458549 
39 0.45483 
42 0.381065 
32 0.460842 
38 0.388077 
35 0.432198 
38 0.47681 
41 0.37817 
42 0.370461 
43 0.45816 
40 0.409657 
39 0.507267 
39 0.478897 
40 0.411034 
40 0.452656 
40 0.377449 
41 0.338551 
45 0.378033 
39 0.410313 
40 0.35981 
39 0.50856 
37 0.410538 
33 0.436905 
38 0.431904 
38 0.344467 
38 0.512749 
36 0.389954 
39 0.42812 
35 0.405567 
42 0.486801 
39 0.423042 
33 0.445011 
39 0.382267 
36 0.41338 
39 0.423096 
37 0.40369 
33 0.422245 
40 0.505894 
42 0.464298 
35 0.374947 
40 0.394958 
38 0.437408 
36 0.391064 
40 0.394608 
48 0.406513 
42 0.448486 
46 0.404247 
36 0.437805 
43 0.450363 
35 0.435226 
35 0.427994 
40 0.426968 
35 0.376865 
40 0.414349 
36 0.466736 
38 0.456051 
36 0.445347 
43 0.419594 
45 0.434151 
35 0.393375 
42 0.426136 
36 0.46283 
39 0.453445 
35 0.458237 
35 0.472115 
40 0.385761 
40 0.420273 
39 0.443684 
43 0.466175 
40 0.471687 
38 0.413368 
45 0.41045 
38 0.406445 
43 0.487396 
40 0.420143 
38 0.449875 
43 0.420982 
34 0.425762 
33 0.401459 
40 0.443344 
40 0.450104 
37 0.409981 
36 0.44846 
38 0.335384 
41 0.457539 
41 0.414661 
40 0.395397 
36 0.42234 
34 0.420303 
39 0.470684 
40 0.453838 
38 0.417862 
38 0.43708 
43 0.392227 
37 0.457047 
43 0.466133 
41 0.425377 
39 0.490692 
38 0.472736 
38 0.376213 
42 0.363277 
39 0.410328 
38 0.345676 
39 0.404846 
39 0.42794 
39 0.383419 
41 0.432156 
39 0.432076 
41 0.463783 
32 0.504707 
41 0.448662 
40 0.479965 
35 0.449028 
42 0.47393 
36 0.403862 
38 0.459389 
41 0.369865 
38 0.366493 
42 0.39727 
38 0.416695 
40 0.446148 
37 0.421566 
35 0.42514 
39 0.418846 
41 0.465687 
36 0.360664 
30 0.387978 
42 0.41127 
42 0.457184 
38 0.421341 
43 0.373436 
42 0.486267 
34 0.380051 
38 0.451916 
43 0.49321 
37 0.376286 
38 0.432438 
34 0.466068 
37 0.479523 
41 0.484993 
41 0.403744 
40 0.447979 
36 0.330173 
42 0.411125 
35 0.437466 
35 0.386608 
39 0.439434 
39 0.398174 
36 0.475101 
42 0.497204 
41 0.450706 
40 0.397602 
34 0.367752 
43 0.387276 
38 0.474014 
39 0.433598 
34 0.388874 
41 0.434471 
35 0.455513 
37 0.397762 
37 0.434593 
42 0.485126 
43 0.387108 
43 0.37466 
40 0.425766 
39 0.353149 
46 0.461147 
42 0.444496 
34 0.443867 
36 0.376808 
42 0.391548 
43 0.405052 
41 0.380234 
41 0.45406 
44 0.436893 
41 0.468948 
40 0.396175 
37 0.435184 
41 0.372959 
40 0.43396 
34 0.369675 
37 0.456154 
36 0.403362 
41 0.417465 
45 0.466595 
35 0.368378 
39 0.411148 
42 0.426682 
42 0.479481 
37 0.366295 
40 0.445251 
38 0.381107 
35 0.498055 
40 0.435013 
35 0.434074 
39 0.442005 
42 0.452484 
37 0.456776 
41 0.455486 
40 0.366024 
34 0.414913 
38 0.325855 
37 0.42194 
36 0.470516 
46 0.476345 
37 0.373505 
41 0.368782 
36 0.404179 
38 0.430466 
39 0.429058 
40 0.423534 
35 0.417141 
36 0.401352 
39 0.434525 
39 0.338387 
35 0.428665 
36 0.408337 
45 0.424564 
35 0.313019 
39 0.393997 
41 0.379017 
39 0.368458 
42 0.385235 
39 0.394741 
43 0.448574 
37 0.442764 
39 0.424202 
37 0.41563 
46 0.42873 
36 0.481236 
39 0.428883 
37 0.38858 
35 0.454819 
40 0.40414 
38 0.389313 
38 0.444195 
38 0.416767 
38 0.39978 
38 0.470295 
36 0.455135 
41 0.422215 
38 0.413548 
39 0.410439 
39 0.421669 
34 0.429176 
40 0.441525 
35 0.442535 
29 0.358356 
39 0.443512 
40 0.419441 
36 0.401459 
40 0.461418 
36 0.419769 
36 0.402435 
40 0.45916 
42 0.35434 
37 0.339302 
38 0.456161 
39 0.38139 
39 0.457996 
41 0.421436 
37 0.448936 
42 0.457382 
43 0.414444 
34 0.422024 
42 0.499153 
30 0.39357 
32 0.417664 
42 0.37598 
36 0.442974 
38 0.394402 
39 0.494041 
42 0.464027 
39 0.502445 
40 0.472691 
39 0.373539 
37 0.446995 
45 0.449974 
40 0.395206 
43 0.446144 
35 0.296162 
38 0.442379 
36 0.402615 
38 0.432346 
40 0.40041 
43 0.435982 
36 0.391323 
41 0.380268 
36 0.444523 
36 0.332043 
36 0.433601 
35 0.39436 
34 0.478558 
37 0.423054 
44 0.377167 
38 0.459633 
34 0.423244 
36 0.442646 
41 0.437424 
41 0.383831 
39 0.426907 
42 0.472149 
36 0.33316 
40 0.363575 
36 0.497517 
37 0.444302 
41 0.441887 
39 0.48418 
40 0.441956 
43 0.516815 
42 0.454407 
37 0.404198 
33 0.415714 
36 0.463367 
40 0.374786 
39 0.477261 
45 0.473763 
34 0.43523 
42 0.409245 
39 0.408436 
45 0.43264 
37 0.434189 
44 0.447609 
43 0.49382 
37 0.452946 
42 0.430298 
41 0.347618 
39 0.414185 
38 0.426487 
41 0.46703 
33 0.496239 
36 0.419178 
44 0.446671 
45 0.484203 
39 0.401585 
44 0.405945 
44 0.363628 
41 0.312767 
45 0.432682 
45 0.413403 
43 0.313789 
43 0.479885 
41 0.429333 
40 0.453587 
45 0.393944 
42 0.414173 
45 0.430405 
44 0.389923 
47 0.427315 
46 0.445099 
44 0.478405 
43 0.386887 
46 0.414429 
43 0.391087 
49 0.41103 
43 0.378597 
46 0.47506 
47 0.451797 
45 0.463409 
42 0.399517 
43 0.458157 
44 0.401581 
44 0.498905 
43 0.435619 
46 0.465828 
45 0.470638 
42 0.396885 
41 0.409016 
47 0.423794 
49 0.434723 
36 0.441433 
45 0.485229 
41 0.426929 
45 0.417568 
45 0.459221 
37 0.37656 
41 0.434849 
37 0.442814 
43 0.446304 
45 0.40049 
44 0.418301 
43 0.507523 
40 0.426765 
40 0.470715 
41 0.408417 
48 0.448219 
45 0.483818 
46 0.490402 
44 0.431366 
46 0.436131 
42 0.479397 
43 0.425701 
44 0.471031 
45 0.428085 
43 0.423004 
41 0.467491 
41 0.448917 
47 0.501419 
45 0.396652 
42 0.428413 
37 0.483582 
47 0.334816 
35 0.401863 
47 0.446404 
44 0.404213 
44 0.395813 
42 0.458031 
44 0.459316 
44 0.463585 
40 0.447151 
43 0.442081 
49 0.463562 
38 0.434544 
46 0.428062 
41 0.337673 
37 0.454247 
42 0.385685 
43 0.410717 
41 0.404465 
40 0.383675 
44 0.461262 
45 0.409042 
45 0.402668 
46 0.401104 
45 0.479008 
45 0.396164 
43 0.370392 
41 0.42741 
38 0.41811 
42 0.432949 
44 0.430504 
43 0.40184 
44 0.401463 
50 0.461823 
44 0.443546 
45 0.45018 
44 0.408741 
42 0.403881 
41 0.428303 
46 0.436237 
43 0.46928 
48 0.432438 
44 0.369095 
43 0.412411 
44 0.366234 
45 0.427349 
41 0.389988 
39 0.385025 
41 0.446857 
45 0.422798 
42 0.442554 
40 0.341694 
43 0.451214 
43 0.380333 
42 0.395432 
41 0.458664 
43 0.410297 
39 0.459686 
46 0.420158 
42 0.463722 
49 0.475132 
44 0.429295 
41 0.343826 
43 0.426949 
40 0.441334 
46 0.416626 
42 0.489315 
47 0.446159 
43 0.43137 
38 0.367596 
45 0.43642 
46 0.485783 
44 0.434322 
42 0.412693 
42 0.443264 
47 0.43819 
43 0.447735 
46 0.44175 
43 0.478313 
44 0.494461 
43 0.465611 
41 0.456608 
40 0.378166 
45 0.448456 
44 0.385956 
39 0.457958 
42 0.425449 
43 0.45853 
40 0.390636 
45 0.453796 
43 0.4212 
44 0.489212 
45 0.425835 
44 0.44244 
50 0.493893 
44 0.451797 
42 0.448711 
36 0.396942 
45 0.384949 
42 0.382294 
42 0.441025 
44 0.462875 
38 0.419296 
45 0.384224 
40 0.433941 
47 0.484646 
38 0.435005 
43 0.36068 
44 0.435364 
40 0.375553 
46 0.402878 
43 0.420113 
45 0.470821 
38 0.356339 
41 0.430241 
42 0.397575 
40 0.404472 
45 0.357922 
40 0.472118 
47 0.458809 
44 0.340771 
40 0.406952 
38 0.431892 
40 0.413429 
39 0.436581 
43 0.438866 
40 0.419689 
43 0.327652 
45 0.429131 
37 0.419769 
43 0.410763 
44 0.468933 
43 0.42947 
43 0.462891 
45 0.429268 
48 0.370598 
42 0.405918 
47 0.463276 
40 0.362122 
45 0.380959 
41 0.428841 
39 0.430088 
43 0.414227 
39 0.4939 
43 0.419876 
45 0.465553 
47 0.446106 
42 0.386917 
44 0.605631 
43 0.442745 
43 0.374519 
44 0.450485 
43 0.487766 
43 0.470837 
44 0.420399 
37 0.441048 
44 0.431301 
47 0.458809 
42 0.42551 
41 0.458344 
43 0.306416 
41 0.365726 
45 0.403912 
43 0.394829 
48 0.488647 
48 0.404083 
40 0.439426 
41 0.435619 
43 0.414902 
43 0.401501 
44 0.462219 
44 0.466175 
44 0.443287 
35 0.487099 
40 0.431858 
41 0.421295 
47 0.462284 
39 0.429047 
42 0.458813 
43 0.420135 
44 0.501678 
40 0.41605 
48 0.472782 
48 0.40485 
43 0.459602 
45 0.448273 
43 0.485386 
43 0.414211 
46 0.402908 
43 0.443771 
44 0.35347 
48 0.446373 
46 0.4547 
47 0.356819 
41 0.400059 
48 0.392635 
43 0.468071 
44 0.3559 
43 0.398708 
46 0.470295 
45 0.366959 
42 0.457855 
44 0.474266 
44 0.464813 
42 0.411633 
50 0.444836 
43 0.431702 
46 0.47406 
45 0.401745 
42 0.397038 
45 0.437462 
43 0.384163 
42 0.451893 
46 0.488388 
39 0.489346 
40 0.396412 
36 0.367012 
42 0.449688 
47 0.419106 
37 0.365345 
40 0.482727 
38 0.472469 
43 0.419945 
44 0.493553 
46 0.442131 
45 0.426331 
41 0.408497 
43 0.412373 
41 0.432812 
44 0.451427 
40 0.455517 
43 0.436729 
44 0.419254 
39 0.448517 
41 0.359119 
42 0.406258 
41 0.385323 
46 0.321945 
45 0.37907 
48 0.464977 
42 0.381691 
41 0.429356 
40 0.353081 
45 0.43824 
45 0.480068 
46 0.479935 
49 0.421642 
41 0.395611 
43 0.404411 
44 0.426735 
44 0.428524 
44 0.392025 
46 0.445007 
41 0.416546 
47 0.423973 
43 0.373863 
42 0.321144 
41 0.475559 
39 0.417938 
47 0.468269 
45 0.407864 
41 0.411026 
45 0.412392 
43 0.390228 
42 0.424629 
44 0.45018 
41 0.409985 
43 0.440094 
43 0.485252 
39 0.470566 
41 0.395435 
41 0.389725 
42 0.482811 
43 0.382771 
42 0.395092 
46 0.370415 
46 0.421825 
38 0.453178 
50 0.450642 
47 0.470299 
45 0.446514 
46 0.38398 
46 0.426105 
47 0.459164 
47 0.416817 
43 0.475807 
45 0.441509 
47 0.439602 
40 0.711372 
43 0.437584 
42 0.44141 
46 0.472389 
47 0.422646 
43 0.429977 
44 0.424438 
47 0.467503 
42 0.448933 
47 0.425205 
46 0.402332 
43 0.488033 
46 0.433414 
41 0.464115 
44 0.381119 
45 0.436432 
43 0.380821 
43 0.408634 
41 0.417664 
41 0.504478 
46 0.393501 
40 0.436325 
44 0.442921 
42 0.435783 
44 0.33139 
39 0.469841 
45 0.413704 
45 0.416348 
44 0.44437 
43 0.419701 
48 0.415558 
45 0.464283 
42 0.463314 
46 0.430191 
40 0.403965 
46 0.45332 
44 0.466923 
39 0.397171 
42 0.431473 
38 0.472553 
41 0.472397 
43 0.485874 
46 0.375885 
47 0.337471 
45 0.409473 
48 0.439087 
42 0.380306 
44 0.463722 
40 0.415379 
43 0.392624 
45 0.472439 
41 0.478092 
44 0.464859 
45 0.500599 
47 0.46862 
43 0.431965 
42 0.437916 
44 0.404415 
37 0.432137 
44 0.457333 
44 0.482658 
40 0.436207 
42 0.39724 
46 0.482128 
44 0.398506 
40 0.423008 
42 0.406776 
43 0.352161 
44 0.401558 
42 0.378868 
42 0.452324 
37 0.483013 
36 0.369495 
42 0.420765 
41 0.428577 
39 0.313683 
43 0.445946 
44 0.389606 
42 0.370499 
43 0.375111 
41 0.480461 
39 0.428207 
41 0.36269 
43 0.419735 
42 0.351391 
42 0.39922 
47 0.418446 
40 0.460938 
40 0.439869 
49 0.439903 
47 0.456245 
40 0.404785 
36 0.403664 
41 0.437637 
48 0.435192 
39 0.416618 
45 0.419243 
40 0.452068 
42 0.502899 
43 0.461235 
41 0.494614 
41 0.483368 
41 0.412529 
42 0.420052 
40 0.418388 
35 0.397381 
41 0.424896 
48 0.505081 
44 0.510654 
41 0.459763 
48 0.414829 
47 0.392582 
40 0.477066 
45 0.440781 
43 0.435928 
50 0.38752 
41 0.348351 
47 0.463448 
42 0.38393 
43 0.433491 
43 0.477226 
44 0.415623 
44 0.407043 
44 0.369263 
44 0.476513 
45 0.398605 
41 0.454762 
49 0.499866 
42 0.38673 
43 0.443947 
43 0.388813 
43 0.349781 
42 0.430534 
42 0.404049 
36 0.417019 
42 0.475758 
47 0.411671 
41 0.417854 
47 0.48254 
43 0.43713 
42 0.394676 
46 0.407642 
42 0.427589 
40 0.351574 
39 0.399673 
48 0.4725 
40 0.345318 
43 0.429993 
44 0.376198 
41 0.477192 
46 0.469349 
46 0.522831 
43 0.451698 
45 0.445305 
46 0.432621 
43 0.476269 
45 0.461716 
44 0.464993 
49 0.450191 
51 0.452087 
44 0.393215 
44 0.393543 
43 0.462627 
49 0.401302 
45 0.419052 
54 0.398952 
48 0.45993 
51 0.440945 
47 0.406033 
45 0.437332 
49 0.48584 
51 0.385811 
50 0.452644 
44 0.450691 
47 0.442612 
44 0.356243 
45 0.432919 
50 0.409111 
44 0.474895 
50 0.404011 
48 0.45792 
46 0.415272 
50 0.480881 
47 0.433701 
43 0.432484 
53 0.516911 
40 0.457951 
47 0.445446 
43 0.508183 
50 0.432804 
51 0.424129 
47 0.429916 
45 0.405514 
47 0.455574 
43 0.408096 
48 0.411972 
49 0.41724 
49 0.406822 
40 0.494282 
47 0.39151 
44 0.421307 
46 0.373981 
48 0.430996 
46 0.447063 
49 0.392071 
47 0.410675 
45 0.411808 
47 0.400433 
51 0.429375 
47 0.366257 
44 0.400932 
46 0.482403 
42 0.415527 
42 0.44717 
43 0.450806 
47 0.363819 
44 0.400433 
51 0.466629 
49 0.426178 
49 0.36404 
50 0.316505 
44 0.480667 
46 0.426331 
46 0.487785 
45 0.441124 
44 0.489342 
45 0.369434 
47 0.397404 
51 0.46056 
51 0.414673 
39 0.460953 
47 0.430126 
49 0.399673 
47 0.42363 
47 0.464828 
49 0.466686 
52 0.428181 
45 0.431393 
49 0.478729 
55 0.402309 
43 0.373852 
44 0.399723 
45 0.44112 
46 0.439518 
51 0.402206 
46 0.44912 
50 0.408394 
51 0.449978 
51 0.41888 
48 0.469006 
49 0.468758 
46 0.372978 
51 0.427895 
48 0.455235 
44 0.474209 
44 0.423515 
49 0.446278 
48 0.39407 
49 0.429771 
49 0.456429 
46 0.496056 
48 0.458088 
50 0.383682 
43 0.365685 
47 0.41396 
57 0.477554 
51 0.496933 
48 0.439926 
43 0.463577 
49 0.450119 
44 0.456295 
44 0.435146 
47 0.46999 
45 0.372597 
49 0.47073 
37 0.341419 
45 0.363758 
44 0.438599 
52 0.390774 
50 0.408516 
49 0.470032 
49 0.376808 
49 0.40501 
48 0.414337 
48 0.449795 
54 0.419468 
47 0.474953 
45 0.471291 
48 0.463394 
48 0.451359 
48 0.460312 
53 0.452824 
52 0.409008 
49 0.411991 
48 0.432472 
50 0.4585 
41 0.449665 
50 0.373535 
51 0.446182 
49 0.418365 
47 0.399464 
47 0.395813 
49 0.41534 
47 0.480106 
49 0.451973 
47 0.384991 
55 0.450005 
49 0.440186 
51 0.466373 
48 0.347443 
53 0.425564 
51 0.435627 
52 0.384926 
46 0.453217 
48 0.427509 
50 0.489895 
53 0.488831 
49 0.359596 
45 0.38625 
48 0.435852 
44 0.469025 
47 0.331043 
42 0.342091 
47 0.471638 
46 0.423939 
42 0.431217 
46 0.427685 
49 0.449642 
48 0.42783 
48 0.447823 
46 0.419189 
46 0.464874 
49 0.380169 
44 0.386715 
44 0.467224 
42 0.418896 
49 0.357075 
48 0.357475 
37 0.373512 
46 0.378025 
45 0.433563 
44 0.400684 
49 0.45121 
46 0.413273 
45 0.407127 
45 0.482845 
44 0.435886 
49 0.509026 
45 0.46439 
42 0.390869 
42 0.36134 
44 0.438721 
53 0.387016 
47 0.481625 
46 0.452839 
51 0.460701 
54 0.414223 
50 0.401657 
46 0.445553 
46 0.42767 
45 0.41433 
52 0.493347 
46 0.46801 
43 0.388474 
44 0.449173 
46 0.407543 
48 0.407295 
43 0.452213 
46 0.438721 
44 0.366295 
45 0.367027 
44 0.411991 
49 0.484062 
40 0.492531 
48 0.404423 
47 0.415375 
48 0.426167 
45 0.463921 
45 0.408451 
47 0.428825 
51 0.414398 
43 0.323925 
47 0.424984 
42 0.426445 
54 0.394371 
43 0.443161 
46 0.414978 
47 0.488209 
48 0.357265 
51 0.427231 
42 0.416248 
46 0.410099 
50 0.499641 
51 0.448036 
41 0.413986 
53 0.454811 
50 0.399673 
53 0.424637 
48 0.423386 
50 0.451725 
48 0.466305 
47 0.46619 
45 0.450859 
48 0.380219 
44 0.367096 
45 0.491405 
46 0.425453 
49 0.459602 
47 0.422615 
45 0.379772 
44 0.436771 
42 0.482033 
47 0.454361 
45 0.426056 
45 0.400482 
48 0.425568 
45 0.445927 
48 0.41375 
41 0.428398 
49 0.474091 
46 0.444191 
54 0.454418 
46 0.397682 
50 0.3894 
49 0.416328 
47 0.418392 
52 0.431446 
47 0.425125 
46 0.496868 
44 0.431183 
45 0.393452 
49 0.422039 
48 0.390625 
38 0.39402 
50 0.414104 
45 0.46537 
47 0.42046 
49 0.394638 
41 0.490189 
47 0.401592 
46 0.517128 
49 0.443512 
46 0.480175 
46 0.430584 
44 0.417774 
43 0.468006 
51 0.443909 
47 0.436951 
48 0.407078 
54 0.46191 
46 0.45208 
46 0.407299 
50 0.508072 
55 0.407364 
49 0.387817 
47 0.400173 
48 0.456932 
52 0.462292 
46 0.450939 
48 0.4095 
48 0.439713 
52 0.504707 
48 0.460636 
45 0.426533 
48 0.391712 
48 0.380718 
51 0.473446 
47 0.366982 
49 0.4161 
41 0.460453 
43 0.449112 
45 0.46262 
51 0.475418 
47 0.442078 
44 0.341007 
48 0.489391 
43 0.448029 
50 0.367481 
44 0.414017 
48 0.494717 
41 0.419067 
41 0.378857 
46 0.441517 
48 0.436478 
48 0.359055 
42 0.473919 
49 0.447369 
40 0.340717 
43 0.461159 
45 0.473999 
42 0.428532 
50 0.399391 
48 0.415318 
47 0.466927 
45 0.467297 
37 0.395 
50 0.474392 
47 0.396664 
45 0.522823 
44 0.417145 
47 0.454391 
47 0.433781 
40 0.435665 
47 0.420265 
42 0.465065 
46 0.436535 
51 0.419819 
46 0.440662 
44 0.457317 
49 0.410233 
51 0.444828 
47 0.445141 
49 0.416016 
41 0.369278 
51 0.393223 
44 0.456837 
45 0.445564 
48 0.423946 
49 0.464455 
43 0.401108 
49 0.430733 
48 0.374783 
46 0.430145 
41 0.508987 
48 0.455528 
48 0.439621 
47 0.463886 
43 0.446854 
46 0.478954 
44 0.397305 
51 0.43121 
46 0.457264 
46 0.468155 
45 0.458477 
46 0.4081 
45 0.448017 
47 0.4617 
49 0.477089 
42 0.367222 
40 0.481346 
50 0.409828 
46 0.423103 
47 0.311005 
55 0.413841 
50 0.433689 
47 0.407894 
46 0.459221 
49 0.450813 
50 0.444836 
46 0.484863 
47 0.482815 
44 0.446362 
48 0.424473 
48 0.855135 
43 0.413559 
50 0.471596 
49 0.422836 
46 0.439198 
44 0.366661 
42 0.39439 
50 0.465801 
51 0.46022 
50 0.361732 
49 0.469471 
52 0.458744 
47 0.478275 
45 0.473339 
48 0.401417 
39 0.356812 
49 0.472702 
49 0.389668 
48 0.439365 
45 0.383263 
52 0.31884 
50 0.41634 
48 0.42934 
45 0.484062 
48 0.404808 
47 0.366199 
47 0.467419 
50 0.493736 
48 0.424702 
48 0.371563 
44 0.347099 
48 0.394871 
48 0.449303 
49 0.4412 
48 0.406837 
46 0.410271 
48 0.509224 
45 0.418648 
48 0.485497 
51 0.496475 
43 0.465656 
46 0.452892 
52 0.435154 
50 0.471504 
51 0.428242 
47 0.440647 
44 0.427811 
47 0.400215 
51 0.428871 
46 0.408688 
45 0.503036 
46 0.444496 
51 0.477673 
54 0.408978 
49 0.433224 
49 0.428631 
50 0.484158 
50 0.368271 
44 0.446934 
49 0.484711 
46 0.471058 
48 0.408535 
41 0.473919 
46 0.446766 
42 0.415367 
42 0.417534 
45 0.415981 
45 0.41753 
51 0.413082 
48 0.373486 
43 0.360245 
47 0.334381 
48 0.496071 
43 0.413433 
46 0.447762 
53 0.451832 
45 0.358532 
42 0.416424 
47 0.407162 
45 0.44989 
49 0.43309 
48 0.422825 
47 0.351337 
46 0.42976 
50 0.332382 
51 0.460938 
44 0.453548 
51 0.446003 
48 0.395969 
45 0.447521 
47 0.439144 
55 0.46624 
51 0.465172 
51 0.491478 
56 0.403744 
47 0.457462 
48 0.395054 
51 0.461281 
54 0.476093 
54 0.423569 
50 0.430973 
51 0.471195 
48 0.488026 
49 0.405243 
51 0.412422 
51 0.475582 
53 0.352585 
53 0.46677 
45 0.41555 
53 0.411373 
49 0.400276 
49 0.452785 
56 0.457603 
51 0.417164 
49 0.426754 
51 0.432449 
54 0.466328 
49 0.482914 
53 0.45105 
53 0.352276 
49 0.438961 
55 0.442131 
52 0.460472 
52 0.468079 
51 0.462887 
54 0.425308 
49 0.435123 
46 0.392426 
52 0.488476 
49 0.417973 
49 0.35796 
50 0.310379 
52 0.442299 
52 0.423183 
54 0.421761 
47 0.417984 
46 0.412743 
50 0.470177 
49 0.484596 
57 0.352215 
47 0.415657 
55 0.480488 
51 0.479881 
53 0.485939 
49 0.380585 
55 0.36166 
51 0.445839 
48 0.407372 
50 0.449608 
54 0.423817 
51 0.398911 
43 0.389851 
48 0.439075 
45 0.46846 
50 0.428596 
53 0.386784 
49 0.440742 
49 0.409096 
51 0.434612 
51 0.387272 
48 0.376949 
44 0.450474 
56 0.452911 
52 0.437195 
52 0.432503 
56 0.471291 
47 0.494633 
52 0.490856 
50 0.483704 
56 0.401199 
45 0.477074 
56 0.488575 
51 0.438988 
52 0.480839 
52 0.412083 
44 0.424908 
52 0.429176 
47 0.427757 
53 0.419369 
50 0.443508 
44 0.492626 
49 0.407635 
53 0.404064 
55 0.469841 
46 0.46389 
47 0.423668 
51 0.481983 
46 0.483395 
51 0.430904 
50 0.432644 
56 0.460377 
51 0.459496 
52 0.485771 
49 0.44886 
54 0.421852 
44 0.412216 
51 0.363571 
48 0.424431 
53 0.403057 
52 0.368076 
53 0.432659 
51 0.467617 
51 0.430954 
54 0.439743 
48 0.419376 
53 0.472046 
49 0.443707 
53 0.443203 
52 0.467861 
56 0.470898 
52 0.448971 
47 0.445374 
53 0.420498 
44 0.462543 
55 0.481819 
55 0.433895 
52 0.331486 
54 0.473721 
53 0.399685 
45 0.441853 
56 0.474903 
50 0.419735 
55 0.433949 
50 0.448296 
49 0.387638 
45 0.452023 
51 0.452087 
49 0.398117 
49 0.435509 
46 0.448643 
52 0.44685 
52 0.422302 
52 0.442047 
51 0.38504 
48 0.397621 
42 0.456078 
54 0.402397 
56 0.444054 
50 0.376808 
52 0.379795 
50 0.450642 
56 0.453701 
52 0.465458 
44 0.405571 
52 0.450813 
53 0.455433 
52 0.493694 
51 0.307053 
52 0.353466 
45 0.421532 
52 0.467113 
49 0.479786 
49 0.390888 
53 0.461605 
53 0.440144 
51 0.429619 
48 0.429455 
54 0.431873 
51 0.467934 
42 0.41935 
51 0.402386 
56 0.432205 
50 0.372978 
50 0.479519 
43 0.410091 
54 0.437286 
50 0.334038 
52 0.411663 
50 0.407845 
54 0.46376 
56 0.362572 
47 0.429302 
44 0.466087 
45 0.425663 
55 0.430965 
52 0.408878 
53 0.461845 
49 0.450363 
49 0.487564 
53 0.395287 
52 0.425724 
51 0.385189 
49 0.451931 
51 0.349808 
49 0.397583 
47 0.451084 
49 0.457226 
49 0.447029 
52 0.438744 
49 0.483582 
52 0.428616 
53 0.435993 
51 0.408531 
54 0.42881 
55 0.388832 
54 0.427757 
53 0.439564 
50 0.3853 
55 0.480598 
50 0.447556 
50 0.406017 
48 0.386116 
52 0.41275 
50 0.393948 
52 0.38768 
45 0.417747 
49 0.47057 
47 0.463905 
53 0.397831 
55 0.430565 
57 0.448746 
50 0.426674 
46 0.407631 
51 0.492214 
52 0.434467 
49 0.441933 
47 0.419109 
54 0.437698 
50 0.444889 
53 0.493584 
57 0.41785 
56 0.490757 
52 0.434982 
52 0.435307 
46 0.436089 
54 0.492767 
54 0.457779 
56 0.447659 
52 0.381649 
49 0.486774 
56 0.472191 
49 0.386475 
57 0.464359 
54 0.472332 
49 0.478737 
54 0.469368 
53 0.432835 
51 0.417336 
50 0.419769 
47 0.318909 
55 0.439526 
54 0.453896 
54 0.362881 
48 0.410797 
55 0.490959 
48 0.410172 
50 0.439426 
44 0.412624 
47 0.4184 
55 0.38097 
49 0.464867 
49 0.376537 
52 0.481926 
54 0.419571 
55 0.451805 
49 0.397087 
47 0.447556 
48 0.461353 
52 0.482746 
54 0.423759 
48 0.4207 
42 0.373257 
49 0.394547 
53 0.426785 
47 0.441387 
57 0.420662 
52 0.474373 
56 0.44804 
53 0.479527 
53 0.425209 
51 0.426849 
52 0.495609 
54 0.492474 
50 0.431557 
49 0.397549 
52 0.503487 
55 0.463638 
49 0.48991 
56 0.470627 
47 0.448708 
52 0.398167 
50 0.384056 
47 0.438976 
51 0.457733 
47 0.480686 
50 0.425682 
47 0.364925 
51 0.455826 
45 0.461876 
48 0.473728 
58 0.44791 
56 0.443935 
49 0.406662 
49 0.373108 
50 0.4161 
50 0.405445 
50 0.450642 
48 0.379379 
48 0.366829 
47 0.438904 
48 0.442173 
47 0.435955 
54 0.409538 
52 0.38792 
59 0.54451 
46 0.335743 
47 0.45277 
45 0.43404 
51 0.398869 
52 0.395367 
50 0.457191 
50 0.387417 
46 0.465893 
46 0.393383 
55 0.706432 
51 0.461235 
48 0.447506 
52 0.472157 
47 0.324123 
53 0.451099 
56 0.374878 
49 0.398457 
54 0.432041 
52 0.479656 
53 0.453709 
55 0.423927 
55 0.425449 
43 0.346012 
46 0.419125 
51 0.414394 
54 0.442928 
55 0.441643 
50 0.436905 
48 0.47522 
52 0.444134 
58 0.467537 
49 0.451298 
55 0.481228 
60 0.459953 
49 0.367752 
53 0.393803 
54 0.406223 
53 0.438572 
48 0.444763 
54 0.417843 
50 0.460503 
51 0.462303 
46 0.435432 
55 0.46513 
51 0.406963 
51 0.42057 
57 0.463093 
52 0.415855 
52 0.442017 
54 0.347363 
56 0.472229 
53 0.459133 
49 0.436539 
52 0.446568 
50 0.369408 
49 0.437889 
51 0.395515 
46 0.412354 
59 0.457966 
53 0.425259 
48 0.410225 
54 0.472256 
51 0.47971 
53 0.416088 
56 0.463947 
50 0.34388 
49 0.478504 
46 0.422497 
48 0.431709 
50 0.403679 
48 0.449417 
54 0.379818 
51 0.435646 
49 0.424919 
53 0.462925 
53 0.444759 
53 0.428703 
48 0.411545 
52 0.474064 
54 0.400299 
53 0.459133 
53 0.410023 
51 0.435581 
56 0.429508 
49 0.426949 
55 0.399433 
52 0.348679 
51 0.48177 
55 0.440712 
52 0.485332 
48 0.441189 
57 0.445332 
60 0.414757 
48 0.468227 
47 0.446983 
49 0.401405 
50 0.48238 
49 0.49987 
49 0.385086 
57 0.440777 
44 0.49189 
52 0.468258 
52 0.424957 
53 0.423805 
48 0.417465 
50 0.454815 
52 0.44873 
56 0.442917 
48 0.417656 
52 0.512245 
54 0.377884 
54 0.374035 
52 0.445393 
52 0.469185 
48 0.419811 
54 0.454407 
52 0.377781 
48 0.356468 
57 0.427402 
50 0.397396 
55 0.446579 
57 0.344051 
53 0.461216 
54 0.415218 
43 0.397354 
52 0.414463 
48 0.474056 
55 0.460907 
50 0.369907 
55 0.401836 
50 0.417255 
51 0.45977 
53 0.44688 
48 0.419632 
53 0.411518 
45 0.431652 
48 0.460594 
55 0.479313 
51 0.458759 
52 0.45256 
54 0.438507 
52 0.446529 
53 0.463268 
47 0.426937 
53 0.441395 
51 0.409637 
58 0.490273 
50 0.480366 
51 0.461781 
44 0.4543 
52 0.413898 
49 0.460777 
52 0.446827 
52 0.391697 
51 0.499218 
56 0.51548 
50 0.430588 
53 0.442318 
50 0.376434 
50 0.49374 
50 0.470093 
52 0.420631 
51 0.403267 
48 0.463196 
47 0.469852 
51 0.485878 
53 0.404987 
55 0.443386 
53 0.396404 
50 0.414581 
51 0.411343 
53 0.471203 
48 0.365501 
48 0.447136 
46 0.343674 
51 0.486206 
50 0.421638 
48 0.431908 
50 0.412918 
51 0.470165 
53 0.449085 
50 0.434586 
51 0.354488 
51 0.512421 
54 0.480972 
49 0.393017 
64 0.43597 
51 0.408581 
51 0.442394 
59 0.359936 
55 0.400223 
60 0.522449 
55 0.436115 
54 0.409058 
54 0.437344 
54 0.483181 
48 0.461601 
47 0.474606 
57 0.503071 
58 0.427116 
52 0.460155 
56 0.455421 
60 0.409428 
51 0.391663 
54 0.472649 
57 0.476185 
61 0.44701 
51 0.413456 
61 0.465572 
50 0.605305 
54 0.361626 
58 0.414742 
54 0.443954 
54 0.363483 
54 0.453178 
55 0.42329 
54 0.476883 
57 0.381107 
57 0.390484 
48 0.453941 
50 0.459702 
55 0.484867 
60 0.501003 
50 0.454102 
59 0.445114 
52 0.400555 
56 0.485813 
54 0.489212 
52 0.383739 
57 0.48003 
53 0.473858 
55 0.443287 
46 0.408844 
51 0.394413 
54 0.392075 
54 0.436722 
51 0.458763 
57 0.43882 
56 0.391174 
56 0.395809 
58 0.426582 
55 0.457954 
54 0.436604 
58 0.470745 
56 0.470387 
56 0.464825 
52 0.462494 
54 0.398289 
58 0.459698 
54 0.428505 
56 0.491611 
56 0.470909 
52 0.455273 
52 0.438034 
56 0.468739 
50 0.413361 
60 0.455357 
52 0.431095 
52 0.409542 
56 0.381706 
62 0.471199 
57 0.398727 
55 0.379169 
56 0.437561 
57 0.412224 
53 0.428352 
59 0.445068 
62 0.473103 
57 0.507545 
54 0.429024 
56 0.450085 
60 0.388924 
54 0.467915 
53 0.416981 
53 0.379498 
55 0.412998 
54 0.364388 
55 0.456802 
60 0.36824 
54 0.434486 
54 0.439144 
59 0.493107 
53 0.41465 
56 0.463066 
53 0.464722 
50 0.443562 
54 0.46175 
59 0.505653 
56 0.478569 
51 0.409389 
56 0.452232 
59 0.433666 
55 0.482498 
57 0.466038 
55 0.505661 
57 0.395813 
56 0.428909 
56 0.438637 
53 0.38924 
50 0.460438 
56 0.467319 
54 0.417484 
61 0.486183 
56 0.438042 
59 0.43222 
57 0.426617 
43 0.425583 
56 0.437027 
47 0.452457 
58 0.422173 
55 0.505089 
55 0.412056 
53 0.367645 
58 0.468887 
59 0.421474 
51 0.424931 
50 0.433132 
56 0.51033 
53 0.416393 
53 0.472347 
52 0.360336 
58 0.518375 
53 0.477192 
50 0.431602 
57 0.43734 
53 0.431713 
51 0.495224 
59 0.454525 
54 0.400032 
56 0.465633 
58 0.419991 
56 0.462143 
54 0.390079 
52 0.413212 
55 0.404869 
57 0.433064 
54 0.460915 
58 0.429207 
59 0.422077 
57 0.429272 
47 0.405731 
51 0.424652 
53 0.439861 
60 0.414764 
57 0.434105 
53 0.490635 
59 0.415237 
53 0.449924 
55 0.411552 
61 0.442986 
56 0.449379 
61 0.46735 
55 0.386005 
53 0.479095 
50 0.473888 
51 0.398319 
61 0.427456 
57 0.472656 
51 0.402241 
53 0.393456 
50 0.411697 
56 0.442017 
58 0.421963 
50 0.425591 
54 0.431942 
60 0.422153 
55 0.44104 
54 0.427059 
53 0.451988 
54 0.416996 
49 0.4664 
53 0.407471 
57 0.464413 
57 0.458252 
54 0.401669 
56 0.440651 
56 0.477245 
57 0.521362 
54 0.460629 
56 0.404823 
54 0.354675 
48 0.40686 
56 0.481598 
60 0.447685 
53 0.434414 
50 0.442451 
52 0.404659 
49 0.451889 
57 0.393646 
57 0.417229 
58 0.362083 
55 0.486267 
53 0.36842 
57 0.441772 
50 0.445515 
58 0.46941 
56 0.400734 
56 0.477089 
58 0.45652 
47 0.412018 
59 0.453297 
53 0.482227 
54 0.428528 
54 0.473976 
50 0.442482 
49 0.43161 
54 0.421238 
54 0.430004 
48 0.45372 
59 0.454006 
57 0.388638 
57 0.455944 
59 0.48724 
50 0.387299 
53 0.506195 
55 0.440941 
43 0.432293 
50 0.451145 
55 0.42181 
55 0.48716 
52 0.378811 
53 0.475815 
52 0.407528 
54 0.403332 
56 0.419685 
51 0.46146 
57 0.422646 
53 0.474644 
44 0.436657 
52 0.450184 
51 0.441559 
55 0.438736 
45 0.42865 
48 0.440422 
54 0.441814 
55 0.456757 
49 0.467529 
59 0.489857 
51 0.483253 
55 0.375225 
54 0.490696 
57 0.504726 
53 0.436157 
54 0.439758 
54 0.487659 
49 0.387016 
56 0.43203 
55 0.483612 
52 0.418434 
58 0.479679 
56 0.444157 
61 0.485172 
56 0.434303 
59 0.502178 
53 0.389221 
61 0.41655 
52 0.471748 
58 0.39632 
59 0.423985 
56 0.483391 
58 0.510143 
60 0.448112 
57 0.451332 
56 0.416595 
59 0.456192 
52 0.422806 
50 0.39352 
54 0.430836 
53 0.429638 
48 0.480976 
59 0.424744 
47 0.451481 
57 0.407135 
58 0.49157 
52 0.449825 
53 0.440941 
54 0.421375 
55 0.485928 
50 0.476631 
59 0.453533 
63 0.503006 
59 0.451839 
55 0.502163 
52 0.454933 
58 0.46611 
57 0.436485 
56 0.479252 
62 0.493076 
55 0.387051 
56 0.480183 
53 0.476212 
50 0.360844 
47 0.411652 
61 0.430958 
54 0.426945 
52 0.418812 
56 0.396477 
55 0.459892 
60 0.473667 
56 0.39082 
57 0.450397 
58 0.436859 
60 0.35046 
57 0.425831 
59 0.42997 
56 0.436462 
57 0.372398 
59 0.447502 
53 0.456001 
59 0.396629 
62 0.500412 
59 0.458088 
54 0.418285 
54 0.473988 
57 0.455257 
56 0.447945 
55 0.437939 
53 0.355888 
53 0.481125 
57 0.373489 
54 0.418106 
58 0.418594 
49 0.342678 
59 0.452793 
52 0.43042 
51 0.472103 
58 0.430473 
55 0.470459 
56 0.415451 
52 0.458935 
56 0.427132 
60 0.474106 
55 0.452629 
53 0.483418 
52 0.419109 
59 0.45837 
58 0.434566 
54 0.47226 
57 0.392044 
48 0.457603 
55 0.448608 
56 0.374256 
51 0.439678 
54 0.468254 
55 0.476036 
51 0.395538 
52 0.443317 
56 0.403889 
52 0.443848 
59 0.453133 
62 0.473843 
51 0.457378 
53 0.447601 
62 0.409718 
56 0.4617 
57 0.458443 
54 0.444733 
49 0.381264 
57 0.48634 
53 0.438595 
49 0.462502 
57 0.460732 
53 0.471642 
54 0.472641 
56 0.364788 
55 0.412861 
62 0.43195 
56 0.455585 
56 0.436844 
59 0.464142 
54 0.428539 
53 0.41544 
58 1.03922 
48 0.420677 
56 0.445877 
57 0.471397 
56 0.441341 
57 0.480488 
54 0.410538 
61 0.42868 
60 0.395363 
63 0.409554 
55 0.442188 
49 0.382729 
52 0.409691 
52 0.422714 
56 0.44355 
61 0.419899 
57 0.467358 
54 0.408485 
60 0.421963 
47 0.41592 
60 0.464329 
51 0.458618 
54 0.394558 
62 0.485737 
54 0.500092 
58 0.447712 
53 0.455647 
56 0.474899 
56 0.427979 
51 0.388195 
53 0.398647 
55 0.459064 
56 0.449203 
49 0.456955 
58 0.445324 
62 0.467617 
57 0.445747 
59 0.447723 
49 0.445122 
55 0.426041 
58 0.414066 
52 0.411739 
52 0.475796 
53 0.469398 
54 0.46701 
56 0.38916 
50 0.40218 
56 0.383705 
51 0.381462 
52 0.438843 
49 0.449604 
59 0.451447 
58 0.477177 
56 0.508018 
52 0.435108 
52 0.461407 
59 0.459278 
53 0.47646 
53 0.441563 
56 0.475796 
54 0.419971 
56 0.390686 
49 0.430847 
57 0.445728 
47 0.44997 
55 0.436386 
48 0.432255 
58 0.464428 
54 0.432514 
53 0.477119 
51 0.48777 
55 0.467052 
52 0.429737 
53 0.370548 
55 0.440865 
55 0.450485 
59 0.436905 
55 0.429253 
56 0.492561 
55 0.462093 
59 0.433762 
54 0.45742 
51 0.491241 
46 0.457489 
55 0.355534 
56 0.406952 
55 0.465992 
58 0.458504 
52 0.450794 
58 0.394466 
52 0.392532 
57 0.451508 
52 0.425262 
53 0.377537 
53 0.375771 
49 0.444702 
58 0.437153 
57 0.39735 
57 0.369591 
54 0.443703 
52 0.452591 
61 0.489475 
60 0.443245 
54 0.430279 
51 0.398315 
58 0.481209 
54 0.460045 
57 0.480438 
58 0.44154 
56 0.470352 
49 0.430199 
59 0.421192 
54 0.411095 
56 0.476238 
