5 0.305096 
3 0.183403 
5 0.283234 
4 0.115208 
4 0.0485573 
3 0.13028 
5 0.768566 
4 0.365768 
5 0.247208 
5 0.212986 
5 0.266682 
4 0.265667 
4 0.282082 
5 0.285572 
2 0.155788 
4 0.135498 
5 0.315311 
5 0.26725 
3 0.257744 
3 0.127068 
5 0.134609 
5 0.353642 
4 0.359745 
5 0.291283 
4 0.287651 
5 0.135223 
5 0.231613 
4 0.156273 
5 0.196831 
3 0.118454 
4 0.441868 
4 0.346569 
5 0.117542 
5 0.234009 
3 0.0965195 
3 0.233921 
3 0.24155 
4 0.290535 
5 0.276791 
2 0.247814 
4 0.326077 
5 0.312267 
5 0.305248 
5 0.121368 
4 0.256042 
3 0.00922775 
5 0.184757 
3 0.212738 
5 0.213444 
4 0.164913 
4 0.116833 
4 0.0833168 
5 0.272968 
3 0.230724 
4 0.210514 
5 0.214314 
3 0.360485 
4 0.0962563 
3 0.0208778 
3 0.322468 
4 0.0858536 
5 0.155739 
4 0.111256 
3 0.0493813 
4 0.0843086 
4 0.189972 
3 0.328583 
3 0.254219 
3 0.375118 
4 0.275768 
3 0.0757599 
4 0.288708 
3 0.11684 
4 0.203392 
4 0.3134 
3 0.35387 
4 0.0694275 
3 0.278992 
3 0.208935 
4 0.195858 
4 0.277557 
5 0.332619 
3 0.215111 
4 0.24971 
4 0.272598 
4 0.238091 
5 0.252682 
4 0.220062 
5 0.253551 
4 0.205116 
4 0.248669 
5 0.218605 
4 0.0680275 
5 0.288799 
4 0.147224 
5 0.102634 
4 0.487087 
4 0.210484 
4 0.196587 
3 0.278507 
6 0.262539 
5 0.204865 
5 0.129093 
4 0.161087 
4 0.124928 
5 0.16148 
4 0.083622 
4 0.155849 
5 0.145267 
4 0.170124 
4 0.222683 
4 0.269398 
5 0.291039 
4 0.21431 
6 0.246643 
5 0.470573 
6 0.354084 
5 0.214397 
6 0.288166 
5 0.183239 
6 0.205502 
6 0.357815 
5 0.176907 
4 0.178795 
4 0.335533 
5 0.283535 
4 0.173611 
6 0.113148 
4 0.0836945 
4 0.148422 
3 0.262379 
4 0.260666 
3 0.129093 
5 0.27393 
5 0.258072 
3 0.0302696 
6 0.241344 
3 0.312901 
6 0.263222 
5 0.268501 
4 0.260014 
3 0.0771103 
5 0.33894 
5 0.188435 
6 0.310036 
4 0.0926514 
5 0.174076 
3 0.136372 
3 0.200966 
5 0.20153 
6 0.19849 
5 0.298534 
5 0.219307 
5 0.304337 
6 0.18074 
6 0.199337 
5 0.272949 
5 0.217552 
4 0.224075 
5 0.337986 
5 0.230991 
5 0.133598 
4 0.229137 
3 0.355961 
5 0.128201 
5 0.279156 
6 0.309643 
5 0.321415 
6 0.391384 
4 0.197647 
2 0.18689 
3 0.12405 
5 0.374619 
4 0.191097 
5 0.245026 
2 0.0425148 
4 0.238091 
3 0.100845 
3 0.11581 
5 0.134075 
6 0.351467 
5 0.0794907 
4 0.244549 
6 0.17923 
4 0.276936 
4 0.378117 
3 0.144768 
5 0.172066 
6 0.300087 
5 0.129658 
5 0.159981 
5 0.340092 
5 0.246086 
5 0.215214 
4 0.270931 
5 0.247864 
5 0.224236 
6 0.329262 
4 0.314751 
6 0.217957 
7 0.368549 
5 0.242821 
4 0.272343 
6 0.250359 
5 0.263569 
4 0.1618 
7 0.386791 
5 0.27422 
5 0.183468 
7 0.159821 
6 0.342255 
7 0.354137 
4 0.290817 
7 0.203022 
5 0.302147 
5 0.295212 
7 0.150661 
4 0.300449 
6 0.271629 
5 0.254372 
4 0.351513 
7 0.133862 
5 0.177082 
4 0.368679 
5 0.23793 
7 0.146236 
6 0.396709 
2 0.113857 
7 0.179951 
6 0.361404 
4 0.15712 
5 0.375744 
5 0.149635 
6 0.217297 
6 0.206707 
4 0.261269 
5 0.214714 
4 0.294746 
7 0.252991 
3 0.302017 
4 0.245155 
7 0.261169 
6 0.217098 
6 0.403042 
5 0.168182 
3 0.259937 
7 0.229179 
6 0.283379 
6 0.320259 
5 0.104553 
5 0.350498 
7 0.295681 
5 0.19405 
5 0.2644 
6 0.191986 
6 0.372353 
7 0.338226 
6 0.288883 
6 0.274807 
5 0.335686 
6 0.324207 
5 0.176605 
5 0.353863 
5 0.313972 
7 0.212196 
6 0.293583 
5 0.34576 
6 0.442646 
6 0.166386 
6 0.362495 
7 0.144371 
6 0.312298 
6 0.260788 
5 0.286747 
6 0.383465 
7 0.33646 
6 0.17733 
6 0.269119 
7 0.248695 
5 0.261154 
6 0.26144 
4 0.0959511 
5 0.201931 
4 0.27396 
4 0.227451 
7 0.329388 
7 0.274178 
6 0.393909 
4 0.112282 
6 0.20219 
4 0.119209 
7 0.250473 
5 0.263248 
6 0.350964 
5 0.206745 
6 0.452801 
7 0.457985 
5 0.160122 
5 0.361576 
5 0.25145 
6 0.403435 
5 0.16301 
5 0.237301 
7 0.33091 
5 0.314041 
8 0.35495 
6 0.254608 
5 0.242363 
7 0.243404 
8 0.315327 
6 0.178944 
7 0.288227 
6 0.188084 
7 0.361645 
6 0.284386 
6 0.0612183 
6 0.297398 
7 0.333401 
6 0.117786 
5 0.226185 
7 0.227238 
5 0.297638 
6 0.278507 
7 0.349537 
4 0.16301 
7 0.404121 
6 0.138187 
6 0.296951 
5 0.300255 
6 0.191292 
6 0.41814 
5 0.250961 
6 0.410561 
6 0.132469 
6 0.263081 
7 0.268528 
7 0.304138 
6 0.325588 
6 0.290161 
4 0.257736 
8 0.279202 
7 0.427185 
6 0.308022 
3 0.225819 
6 0.210167 
4 0.250103 
8 0.206059 
6 0.248775 
8 0.217468 
5 0.307026 
8 0.362526 
5 0.22699 
6 0.263783 
7 0.319702 
6 0.253082 
8 0.24192 
7 0.397141 
5 0.271221 
8 0.371174 
6 0.339115 
7 0.232113 
8 0.357609 
6 0.170021 
7 0.346802 
3 0.353165 
8 0.24971 
6 0.182693 
6 0.278954 
5 0.313313 
7 0.232101 
6 0.23156 
8 0.223381 
7 0.354675 
6 0.257313 
6 0.131313 
6 0.22081 
8 0.249592 
8 0.160065 
4 0.274944 
7 0.308037 
5 0.36129 
3 0.208721 
5 0.152676 
6 0.396648 
5 0.190113 
7 0.228851 
6 0.168339 
5 0.230537 
8 0.313046 
7 0.163574 
8 0.368412 
6 0.329418 
5 0.376373 
5 0.371571 
5 0.168129 
8 0.259007 
7 0.312065 
7 0.466614 
8 0.265205 
6 0.354618 
5 0.401329 
7 0.354515 
8 0.332745 
7 0.391747 
8 0.28587 
8 0.306404 
7 0.329636 
8 0.336517 
9 0.391666 
5 0.282166 
6 0.211777 
6 0.25626 
7 0.313419 
9 0.234306 
6 0.320641 
8 0.334049 
7 0.174793 
9 0.322659 
7 0.419132 
7 0.275486 
8 0.210606 
7 0.229721 
7 0.347961 
9 0.352379 
6 0.274963 
7 0.273056 
5 0.159035 
8 0.272472 
7 0.265919 
8 0.230354 
7 0.394844 
8 0.40501 
8 0.280621 
9 0.348576 
7 0.249947 
8 0.344219 
8 0.360073 
8 0.322372 
9 0.316292 
7 0.366722 
9 0.27058 
7 0.353706 
6 0.187233 
8 0.331017 
8 0.272972 
8 0.317204 
7 0.189972 
8 0.322792 
9 0.347225 
9 0.260223 
5 0.136322 
6 0.213394 
4 0.406467 
7 0.352604 
6 0.254906 
8 0.335247 
7 0.398232 
7 0.311985 
9 0.310043 
6 0.211098 
6 0.38435 
5 0.216896 
6 0.361969 
7 0.313122 
8 0.277691 
6 0.364685 
6 0.321095 
8 0.409443 
7 0.27544 
7 0.341587 
7 0.303059 
7 0.241081 
8 0.306808 
9 0.414989 
7 0.212173 
7 0.407734 
4 0.165813 
7 0.317684 
6 0.267696 
6 0.244286 
7 0.267216 
6 0.16534 
7 0.239677 
9 0.293293 
9 0.350155 
6 0.1731 
8 0.282143 
6 0.326641 
9 0.214581 
8 0.224144 
7 0.357323 
7 0.182255 
6 0.257263 
8 0.311653 
6 0.312397 
8 0.421162 
7 0.280212 
8 0.33139 
6 0.161041 
7 0.256386 
7 0.202316 
9 0.29808 
7 0.189751 
8 0.31039 
8 0.284893 
8 0.279999 
8 0.226665 
9 0.210651 
6 0.206196 
9 0.25378 
9 0.429657 
8 0.380428 
5 0.333408 
9 0.330521 
9 0.309181 
9 0.236515 
9 0.473312 
10 0.437592 
7 0.37035 
8 0.47897 
9 0.264656 
8 0.387901 
9 0.24654 
8 0.395214 
9 0.251041 
9 0.295273 
10 0.375961 
7 0.323357 
9 0.369907 
8 0.345169 
9 0.41296 
9 0.198204 
9 0.400986 
8 0.34697 
5 0.236752 
10 0.437271 
7 0.263557 
8 0.328445 
9 0.151424 
8 0.337753 
7 0.413151 
5 0.28273 
7 0.263969 
8 0.335709 
8 0.317997 
9 0.330135 
8 0.219521 
10 0.40992 
6 0.160416 
10 0.350021 
9 0.223877 
7 0.291374 
8 0.362411 
9 0.344707 
7 0.252426 
6 0.11409 
10 0.176128 
8 0.175091 
5 0.178631 
6 0.295258 
8 0.343334 
6 0.302834 
6 0.230022 
8 0.296597 
7 0.307358 
7 0.397038 
7 0.25407 
9 0.38105 
7 0.361382 
8 0.137955 
9 0.1698 
9 0.344078 
9 0.382542 
8 0.142532 
6 0.348602 
6 0.255135 
9 0.183025 
9 0.336452 
7 0.334484 
8 0.261555 
9 0.366432 
10 0.360981 
8 0.447922 
7 0.380302 
7 0.323025 
7 0.358784 
9 0.247417 
7 0.322285 
7 0.322971 
5 0.128956 
5 0.161301 
8 0.346279 
8 0.237232 
6 0.300621 
8 0.13781 
9 0.358028 
8 0.289616 
6 0.142414 
7 0.333561 
9 0.394897 
10 0.350262 
9 0.284229 
8 0.323017 
10 0.420929 
8 0.488205 
11 0.365395 
8 0.382122 
8 0.323765 
10 0.376617 
10 0.201851 
9 0.282654 
11 0.435009 
11 0.322365 
10 0.294651 
8 0.201538 
10 0.321003 
7 0.382969 
10 0.357948 
7 0.403313 
9 0.188755 
8 0.375305 
9 0.336159 
9 0.324089 
9 0.351997 
9 0.348785 
11 0.301025 
10 0.341545 
9 0.396774 
9 0.245945 
9 0.285656 
10 0.23035 
9 0.333679 
7 0.162487 
6 0.251698 
8 0.333786 
6 0.335869 
9 0.389778 
10 0.344189 
8 0.321587 
9 0.416714 
9 0.372517 
4 0.076088 
10 0.429604 
7 0.273266 
9 0.311008 
7 0.38406 
6 0.394165 
5 0.209484 
8 0.284107 
9 0.404892 
11 0.286331 
9 0.206745 
10 0.448582 
10 0.35397 
8 0.15012 
8 0.227818 
10 0.223717 
9 0.289047 
9 0.234718 
10 0.399284 
7 0.348103 
7 0.213821 
9 0.349228 
7 0.357212 
8 0.337101 
8 0.293083 
10 0.415306 
9 0.334202 
7 0.28722 
8 0.254795 
10 0.389458 
10 0.37664 
7 0.303185 
9 0.342571 
10 0.307861 
8 0.182167 
7 0.29248 
10 0.247906 
8 0.313023 
7 0.208996 
7 0.237488 
9 0.339912 
7 0.309334 
11 0.486958 
10 0.337933 
8 0.311825 
8 0.295959 
10 0.294445 
11 0.342087 
11 0.240055 
8 0.202244 
9 0.307434 
9 0.278919 
7 0.198372 
7 0.334297 
7 0.340588 
9 0.297497 
9 0.383541 
6 0.204159 
8 0.387741 
9 0.292213 
9 0.287167 
9 0.425282 
10 0.458965 
9 0.355038 
11 0.445232 
10 0.357147 
10 0.274597 
8 0.225296 
9 0.297581 
9 0.376945 
9 0.316242 
10 0.172054 
12 0.404446 
9 0.383617 
9 0.195835 
10 0.387222 
9 0.244629 
8 0.334801 
9 0.394108 
9 0.428429 
10 0.309811 
9 0.41655 
8 0.238571 
11 0.314812 
8 0.347153 
11 0.404636 
9 0.24659 
9 0.352272 
10 0.377964 
9 0.294231 
7 0.384396 
10 0.396175 
10 0.34491 
11 0.336586 
8 0.34481 
6 0.212383 
11 0.242363 
10 0.219437 
9 0.293716 
10 0.324406 
7 0.347443 
12 0.395107 
11 0.373489 
11 0.408749 
11 0.314732 
8 0.281654 
8 0.344082 
11 0.379658 
11 0.381939 
10 0.342976 
12 0.456375 
9 0.303734 
10 0.227207 
7 0.219833 
11 0.315628 
11 0.363033 
10 0.272484 
10 0.261509 
6 0.233829 
8 0.38036 
10 0.239151 
11 0.295372 
9 0.373451 
10 0.433907 
7 0.243946 
10 0.371246 
10 0.425076 
7 0.300659 
10 0.225788 
10 0.196522 
11 0.399368 
8 0.39439 
9 0.374744 
9 0.33886 
11 0.236671 
8 0.249416 
6 0.226021 
7 0.251831 
10 0.289909 
10 0.230347 
11 0.26321 
11 0.353065 
8 0.255611 
11 0.287025 
12 0.333733 
9 0.342701 
11 0.439465 
11 0.314152 
10 0.299675 
8 0.294266 
8 0.341118 
7 0.256275 
9 0.256138 
8 0.237949 
9 0.205833 
9 0.429276 
11 0.296944 
11 0.39814 
8 0.276691 
9 0.338219 
10 0.272816 
10 0.232029 
9 0.363739 
11 0.313251 
11 0.365856 
11 0.390945 
9 0.309612 
10 0.299431 
9 0.284061 
11 0.368362 
10 0.290592 
11 0.367821 
8 0.379524 
12 0.371883 
8 0.371197 
11 0.476135 
8 0.37936 
10 0.359764 
9 0.294113 
10 0.374771 
8 0.391903 
11 0.312557 
11 0.36837 
9 0.338364 
11 0.243202 
13 0.374485 
11 0.362431 
9 0.371525 
10 0.312256 
10 0.351852 
10 0.418427 
11 0.36821 
13 0.388306 
9 0.310566 
12 0.431236 
9 0.383976 
10 0.366291 
10 0.309284 
12 0.386326 
10 0.298988 
10 0.342915 
9 0.266941 
12 0.380749 
10 0.327286 
10 0.210335 
9 0.272461 
10 0.241394 
12 0.351524 
8 0.208855 
10 0.157707 
11 0.297146 
11 0.34626 
11 0.369915 
8 0.199959 
8 0.372711 
8 0.41877 
9 0.256004 
12 0.393124 
10 0.327045 
11 0.358494 
11 0.307968 
9 0.372585 
9 0.385761 
11 0.406643 
8 0.429657 
11 0.369041 
11 0.353085 
9 0.248348 
12 0.33242 
11 0.467636 
11 0.349354 
11 0.257187 
9 0.464264 
12 0.460178 
8 0.306274 
12 0.32346 
11 0.26696 
13 0.269348 
11 0.158142 
7 0.383278 
8 0.441856 
7 0.479469 
11 0.240692 
11 0.409866 
10 0.315647 
13 0.246113 
11 0.308044 
8 0.312103 
6 0.42387 
11 0.388474 
11 0.395851 
11 0.180927 
10 0.309101 
9 0.353828 
10 0.219563 
8 0.373276 
7 0.368279 
10 0.377159 
12 0.404243 
9 0.331554 
13 0.365303 
11 0.369499 
13 0.391525 
13 0.255219 
7 0.204128 
13 0.333805 
10 0.298618 
11 0.282387 
11 0.194305 
12 0.294098 
11 0.300785 
14 0.309566 
11 0.307842 
10 0.22813 
10 0.244473 
11 0.372894 
8 0.200821 
14 0.315258 
10 0.384026 
12 0.331451 
7 0.127445 
13 0.3139 
11 0.310646 
13 0.403858 
9 0.22715 
11 0.358379 
13 0.314228 
12 0.297745 
10 0.374096 
13 0.386017 
13 0.225304 
11 0.290192 
7 0.258053 
10 0.287052 
11 0.344154 
9 0.247669 
13 0.27211 
11 0.293156 
13 0.262402 
12 0.282646 
10 0.262314 
12 0.408703 
11 0.351849 
10 0.285633 
8 0.372742 
11 0.354202 
13 0.348557 
11 0.370731 
10 0.272762 
11 0.332081 
12 0.265579 
10 0.176914 
12 0.343769 
13 0.326958 
12 0.364979 
11 0.357292 
10 0.34404 
12 0.333286 
8 0.248257 
13 0.353069 
11 0.411945 
12 0.338482 
11 0.319622 
8 0.345413 
7 0.318325 
11 0.342606 
10 0.277637 
11 0.369686 
12 0.422169 
8 0.376617 
9 0.209076 
9 0.357601 
10 0.323715 
10 0.440025 
10 0.233341 
9 0.273014 
9 0.440365 
11 0.310619 
9 0.286896 
12 0.295856 
13 0.382751 
13 0.3116 
9 0.183792 
12 0.347145 
11 0.200562 
11 0.368694 
10 0.279884 
10 0.340168 
13 0.48608 
13 0.32719 
12 0.344963 
9 0.361115 
12 0.410877 
13 0.419876 
11 0.265614 
11 0.2537 
12 0.378147 
12 0.248444 
12 0.475559 
10 0.177765 
11 0.225819 
13 0.29221 
10 0.290691 
12 0.225166 
12 0.256306 
12 0.386604 
11 0.437786 
12 0.460846 
14 0.327568 
11 0.371124 
12 0.459965 
11 0.233826 
8 0.340797 
13 0.31406 
12 0.339394 
13 0.340813 
14 0.36261 
11 0.350182 
13 0.393848 
11 0.428215 
11 0.36549 
12 0.382065 
13 0.425274 
13 0.260838 
13 0.373699 
12 0.380882 
10 0.344059 
12 0.300346 
11 0.292221 
10 0.389572 
15 0.422394 
12 0.445141 
11 0.174557 
13 0.436749 
10 0.416653 
13 0.290588 
10 0.311653 
12 0.316509 
11 0.458443 
11 0.346317 
11 0.385799 
11 0.397404 
12 0.321846 
13 0.36462 
10 0.34127 
13 0.244194 
12 0.357349 
9 0.416946 
13 0.282051 
12 0.380032 
11 0.35815 
13 0.441162 
12 0.386257 
11 0.321056 
9 0.318298 
12 0.285809 
12 0.415401 
13 0.399426 
11 0.363861 
11 0.437107 
13 0.378971 
10 0.307594 
12 0.218304 
14 0.396553 
14 0.412422 
12 0.251762 
10 0.225479 
12 0.403042 
8 0.438446 
13 0.413086 
15 0.422119 
12 0.254974 
10 0.222038 
10 0.225819 
11 0.337574 
9 0.352657 
12 0.358925 
14 0.410999 
10 0.298817 
11 0.397747 
15 0.421734 
8 0.303467 
10 0.327538 
13 0.330765 
13 0.343506 
10 0.420406 
9 0.319561 
9 0.401775 
11 0.383045 
11 0.378899 
12 0.427067 
11 0.24239 
9 0.312267 
10 0.387543 
13 0.277996 
11 0.255646 
14 0.431324 
13 0.342953 
12 0.33548 
13 0.286602 
12 0.346664 
13 0.332455 
8 0.289135 
12 0.344017 
14 0.382545 
12 0.396305 
13 0.271404 
12 0.417721 
15 0.234798 
11 0.380585 
14 0.340313 
14 0.360355 
12 0.392185 
13 0.214996 
14 0.342285 
12 0.281071 
12 0.341431 
15 0.301308 
11 0.318184 
14 0.404152 
11 0.374084 
15 0.32489 
13 0.417614 
12 0.441128 
11 0.480141 
12 0.347996 
14 0.34919 
10 0.374329 
13 0.353024 
14 0.385567 
16 0.336914 
14 0.351448 
12 0.381996 
15 0.314529 
12 0.257706 
13 0.350456 
13 0.314129 
12 0.423111 
8 0.239044 
14 0.444317 
13 0.429264 
10 0.416019 
11 0.410091 
13 0.270958 
14 0.344879 
14 0.383114 
11 0.313194 
13 0.404415 
13 0.326073 
14 0.369259 
11 0.336838 
15 0.375595 
12 0.444283 
12 0.285069 
12 0.430714 
13 0.377842 
12 0.311119 
13 0.27935 
11 0.210537 
9 0.272427 
11 0.403961 
13 0.326118 
12 0.361042 
12 0.3601 
8 0.266354 
11 0.281456 
11 0.443897 
9 0.367325 
12 0.306366 
14 0.259903 
15 0.374462 
10 0.316299 
11 0.345291 
11 0.363079 
14 0.452 
14 0.38781 
12 0.345062 
13 0.469219 
14 0.43388 
12 0.364536 
13 0.311398 
14 0.351582 
16 0.312237 
15 0.35146 
12 0.337601 
11 0.250755 
15 0.327206 
13 0.289143 
13 0.327282 
12 0.402901 
9 0.353001 
14 0.384117 
13 0.297886 
13 0.342709 
12 0.233444 
13 0.298737 
11 0.279175 
13 0.319584 
13 0.414619 
12 0.385796 
14 0.345459 
8 0.30278 
12 0.3932 
16 0.342712 
14 0.424397 
13 0.426167 
15 0.442249 
16 0.289604 
15 0.361855 
13 0.380573 
13 0.392815 
11 0.253994 
14 0.349758 
15 0.384132 
12 0.355038 
14 0.43198 
16 0.296383 
16 0.471588 
16 0.400097 
14 0.45977 
10 0.22374 
14 0.391312 
16 0.443306 
15 0.394032 
14 0.315369 
16 0.410152 
11 0.300343 
14 0.339687 
11 0.224117 
15 0.314686 
16 0.363201 
13 0.372974 
13 0.343761 
12 0.303829 
12 0.337334 
11 0.314362 
15 0.382072 
16 0.333389 
12 0.2481 
13 0.490158 
11 0.336445 
14 0.387741 
14 0.402847 
12 0.417202 
14 0.331612 
14 0.332657 
13 0.344154 
16 0.362255 
12 0.159889 
12 0.303776 
15 0.248787 
9 0.289845 
15 0.353588 
12 0.425179 
14 0.318447 
15 0.364525 
14 0.382172 
13 0.300861 
16 0.32283 
12 0.283218 
13 0.345238 
15 0.303188 
13 0.23077 
13 0.375313 
14 0.418411 
14 0.353703 
15 0.319798 
14 0.323433 
10 0.344376 
15 0.452522 
11 0.356255 
14 0.351032 
11 0.376503 
11 0.446064 
11 0.34581 
14 0.313892 
10 0.382172 
13 0.300491 
14 0.325893 
14 0.389191 
11 0.367409 
13 0.296982 
13 0.331753 
10 0.234276 
12 0.41114 
15 0.380283 
13 0.38604 
12 0.388172 
14 0.397514 
13 0.341908 
14 0.382652 
13 0.413151 
12 0.251644 
13 0.243679 
13 0.356709 
15 0.211105 
11 0.244621 
14 0.312412 
15 0.435188 
11 0.303238 
14 0.288204 
17 0.363777 
13 0.366646 
13 0.369625 
12 0.439964 
12 0.308487 
15 0.362389 
12 0.235653 
16 0.405819 
15 0.361149 
13 0.370884 
14 0.365715 
16 0.339527 
15 0.383411 
18 0.458271 
14 0.379234 
15 0.346527 
17 0.306694 
12 0.25861 
15 0.456879 
16 0.319511 
11 0.28336 
15 0.373398 
14 0.443443 
12 0.317833 
15 0.29501 
16 0.390293 
16 0.321377 
13 0.319447 
17 0.412365 
16 0.312244 
14 0.322159 
13 0.34483 
14 0.451035 
15 0.247517 
16 0.412399 
13 0.448032 
17 0.36739 
16 0.420071 
13 0.49614 
16 0.272381 
12 0.198471 
13 0.276806 
14 0.247887 
15 0.442345 
11 0.380032 
16 0.33498 
12 0.429676 
15 0.355946 
18 0.420269 
16 0.217987 
14 0.295708 
11 0.21064 
13 0.340061 
14 0.367832 
17 0.344574 
15 0.364674 
12 0.540138 
15 0.339504 
16 0.334805 
14 0.350197 
17 0.415382 
12 0.461605 
15 0.247562 
14 0.40958 
14 0.326153 
16 0.442574 
12 0.375347 
14 0.460747 
12 0.392872 
13 0.29747 
12 0.280964 
14 0.249783 
15 0.34169 
17 0.413647 
14 0.376217 
15 0.412933 
16 0.394249 
13 0.430595 
15 0.267612 
12 0.321976 
15 0.273094 
17 0.287102 
14 0.41922 
13 0.345306 
13 0.327877 
16 0.469814 
14 0.399094 
16 0.417801 
16 0.39817 
16 0.385956 
16 0.396717 
17 0.38768 
14 0.312355 
13 0.368961 
13 0.440311 
14 0.311295 
15 0.364647 
15 0.452438 
16 0.374973 
15 0.377121 
18 0.411995 
13 0.336872 
18 0.374668 
17 0.331207 
14 0.336117 
14 0.347534 
17 0.460785 
13 0.360786 
15 0.290924 
15 0.225109 
16 0.439579 
16 0.37096 
17 0.352459 
16 0.44231 
15 0.373463 
13 0.332031 
15 0.340675 
17 0.417522 
14 0.349663 
16 0.277412 
16 0.357464 
13 0.31295 
17 0.321884 
15 0.366333 
15 0.303699 
14 0.358044 
18 0.408409 
15 0.433445 
15 0.420059 
17 0.431328 
15 0.315918 
17 0.507656 
14 0.249283 
18 0.311546 
16 0.316563 
16 0.427879 
15 0.420773 
17 0.42989 
17 0.437904 
14 0.403881 
14 0.380203 
16 0.39365 
16 0.390251 
14 0.41687 
13 0.302868 
17 0.376842 
18 0.256042 
14 0.466827 
16 0.388008 
17 0.376621 
13 0.472614 
16 0.409691 
13 0.277225 
15 0.326015 
13 0.425549 
15 0.392818 
14 0.383888 
12 0.296947 
13 0.362751 
16 0.35006 
17 0.244308 
15 0.316906 
16 0.313869 
13 0.426994 
15 0.450207 
15 0.361202 
14 0.429604 
16 0.329021 
16 0.45557 
18 0.391624 
15 0.334351 
17 0.40464 
16 0.336681 
16 0.413677 
15 0.307201 
13 0.327591 
14 0.253292 
14 0.301411 
15 0.410831 
15 0.351425 
17 0.400551 
17 0.425545 
17 0.334538 
14 0.24448 
16 0.37384 
14 0.286255 
13 0.3578 
14 0.479622 
16 0.332371 
11 0.3209 
13 0.331413 
13 0.327042 
18 0.396076 
19 0.337242 
13 0.365738 
15 0.33292 
15 0.446735 
15 0.398731 
13 0.425892 
15 0.284477 
17 0.290062 
13 0.273991 
17 0.393288 
14 0.390423 
18 0.44199 
19 0.421143 
16 0.362068 
15 0.38221 
13 0.401417 
18 0.278736 
17 0.325317 
16 0.400845 
16 0.451275 
16 0.398548 
12 0.323658 
15 0.449905 
13 0.279686 
15 0.40057 
16 0.318409 
13 0.29829 
13 0.26577 
12 0.296242 
15 0.291718 
16 0.394756 
16 0.417522 
15 0.293533 
17 0.423382 
17 0.375111 
17 0.381046 
18 0.504299 
17 0.445152 
14 0.409172 
18 0.422314 
14 0.334454 
19 0.420994 
18 0.477856 
20 0.379059 
14 0.37603 
16 0.327812 
15 0.322872 
14 0.429054 
16 0.375549 
16 0.307976 
14 0.252811 
15 0.382305 
19 0.42712 
16 0.369514 
15 0.401184 
13 0.325779 
16 0.378235 
17 0.412193 
17 0.490158 
14 0.374157 
17 0.263168 
17 0.300491 
15 0.20063 
13 0.302208 
11 0.329441 
20 0.455353 
18 0.416218 
15 0.480938 
17 0.204105 
17 0.375221 
17 0.361835 
14 0.313187 
17 0.421101 
17 0.472145 
15 0.37085 
13 0.321983 
15 0.365379 
16 0.41283 
15 0.414085 
14 0.396305 
15 0.404911 
16 0.351753 
17 0.520565 
18 0.345032 
14 0.37315 
11 0.386185 
18 0.311775 
17 0.386772 
17 0.330284 
15 0.328033 
12 0.202778 
14 0.276936 
16 0.327564 
16 0.241039 
16 0.380589 
14 0.433697 
16 0.441483 
16 0.355064 
15 0.311939 
16 0.34671 
14 0.3064 
16 0.406101 
17 0.364994 
14 0.340279 
19 0.388359 
20 0.360775 
17 0.374352 
19 0.393356 
15 0.25536 
20 0.288872 
16 0.388367 
15 0.378727 
17 0.367008 
15 0.323753 
18 0.454411 
17 0.474445 
16 0.492386 
18 0.333546 
16 0.339142 
14 0.352295 
13 0.264557 
15 0.373974 
20 0.445343 
16 0.406395 
16 0.421005 
18 0.420517 
19 0.44294 
20 0.313217 
18 0.440624 
19 0.326225 
14 0.424259 
15 0.441681 
18 0.401764 
14 0.334568 
15 0.378551 
15 0.396008 
16 0.50349 
18 0.36964 
18 0.301022 
14 0.316559 
16 0.451214 
18 0.343765 
17 0.336239 
16 0.402802 
16 0.4081 
17 0.40974 
15 0.334843 
17 0.396248 
19 0.310665 
19 0.308319 
18 0.311546 
17 0.372276 
15 0.35524 
16 0.375019 
20 0.413914 
14 0.440353 
17 0.424191 
17 0.329689 
17 0.376892 
16 0.339767 
19 0.452114 
18 0.360985 
16 0.322243 
15 0.41386 
17 0.346958 
14 0.321865 
15 0.37915 
18 0.346413 
15 0.353477 
15 0.376324 
20 0.342224 
15 0.339596 
14 0.438419 
17 0.386887 
16 0.360336 
17 0.311783 
18 0.400845 
17 0.409 
17 0.320503 
15 0.39225 
18 0.324627 
18 0.40926 
18 0.329472 
14 0.2314 
20 0.259594 
17 0.413399 
15 0.36269 
18 0.474689 
19 0.293419 
18 0.368355 
15 0.345921 
18 0.330143 
18 0.435188 
18 0.379017 
18 0.330296 
13 0.38924 
17 0.306297 
17 0.272095 
16 0.385593 
16 0.233822 
16 0.274479 
15 0.365456 
16 0.351978 
17 0.348152 
13 0.252853 
19 0.336021 
17 0.315838 
15 0.430504 
18 0.460743 
20 0.3825 
13 0.474995 
15 0.25914 
16 0.351784 
18 0.390644 
19 0.287029 
17 0.39233 
18 0.394787 
15 0.342159 
16 0.339691 
19 0.400974 
14 0.401852 
17 0.394283 
18 0.323666 
17 0.434956 
17 0.403439 
21 0.357635 
18 0.374844 
13 0.343678 
21 0.359898 
18 0.379166 
20 0.422138 
15 0.45998 
20 0.373646 
18 0.420948 
17 0.264336 
18 0.351147 
20 0.339664 
17 0.297417 
20 0.286488 
14 0.335354 
15 0.343952 
19 0.419601 
16 0.273624 
13 0.402733 
16 0.40308 
19 0.355938 
18 0.357601 
16 0.335857 
17 0.360245 
19 0.378628 
17 0.336929 
18 0.454659 
16 0.477161 
20 0.456303 
17 0.469604 
17 0.397495 
18 0.288509 
16 0.338009 
19 0.364098 
16 0.477543 
16 0.355877 
16 0.471951 
20 0.306389 
14 0.412876 
20 0.322781 
17 0.36216 
20 0.424324 
20 0.346474 
17 0.296471 
16 0.404953 
15 0.209446 
15 0.458958 
17 0.370136 
15 0.387188 
18 0.427059 
18 0.409702 
17 0.344624 
17 0.37175 
14 0.390751 
16 0.199215 
20 0.430416 
20 0.373383 
16 0.360252 
17 0.371807 
15 0.35931 
16 0.341835 
20 0.36042 
16 0.339733 
16 0.249817 
16 0.326324 
19 0.371902 
18 0.376114 
17 0.421127 
19 0.411247 
15 0.425499 
18 0.416481 
20 0.438499 
16 0.270649 
19 0.379223 
20 0.436329 
15 0.363815 
19 0.37532 
18 0.352043 
19 0.365711 
19 0.35342 
16 0.285355 
19 0.325245 
19 0.259975 
20 0.435219 
13 0.301071 
20 0.34082 
18 0.430191 
19 0.406513 
20 0.434952 
16 0.42226 
19 0.413403 
19 0.372211 
20 0.461845 
20 0.332085 
15 0.388969 
22 0.355629 
20 0.372467 
14 0.389492 
15 0.416443 
17 0.308834 
19 0.391922 
17 0.465675 
18 0.392372 
17 0.298599 
16 0.301258 
18 0.288746 
19 0.423874 
20 0.44138 
19 0.408791 
18 0.329113 
17 0.271862 
20 0.348011 
18 0.454079 
16 0.427887 
20 0.405098 
21 0.408493 
19 0.404488 
18 0.386662 
20 0.424809 
16 0.378078 
17 0.321404 
20 0.47319 
16 0.393364 
21 0.352474 
14 0.289162 
19 0.328117 
16 0.324886 
20 0.330765 
19 0.466427 
13 0.256073 
16 0.421986 
18 0.376934 
20 0.321205 
19 0.360126 
14 0.327744 
17 0.363354 
18 0.364964 
17 0.409847 
17 0.40424 
20 0.325729 
18 0.454491 
16 0.478832 
19 0.309181 
18 0.439903 
21 0.338917 
21 0.450687 
19 0.418186 
15 0.332844 
19 0.421379 
21 0.632208 
21 0.400295 
13 0.245457 
14 0.334774 
19 0.360924 
20 0.438503 
16 0.412327 
16 0.315037 
14 0.358223 
17 0.313484 
19 0.431553 
17 0.415661 
15 0.389618 
19 0.403198 
16 0.3927 
18 0.314121 
17 0.370705 
15 0.370583 
20 0.336227 
18 0.375988 
13 0.387348 
17 0.335835 
12 0.414494 
17 0.44622 
20 0.421967 
21 0.300835 
16 0.417511 
17 0.359428 
19 0.471066 
16 0.316475 
19 0.361149 
19 0.414097 
22 0.409847 
17 0.474682 
19 0.405907 
21 0.422085 
17 0.354122 
21 0.449608 
20 0.410221 
17 0.353317 
15 0.370678 
22 0.394768 
20 0.334095 
18 0.438187 
21 0.419777 
20 0.45805 
19 0.352951 
19 0.464397 
16 0.31131 
17 0.426315 
20 0.317245 
20 0.455116 
16 0.359638 
16 0.34705 
21 0.384518 
20 0.371548 
18 0.42178 
17 0.465988 
18 0.408897 
19 0.414261 
22 0.391033 
19 0.308399 
17 0.327747 
20 0.335674 
17 0.360626 
21 0.420612 
22 0.439281 
16 0.369427 
18 0.318436 
19 0.352489 
19 0.353779 
22 0.423824 
21 0.415962 
17 0.331421 
15 0.390652 
21 0.375072 
23 0.323452 
17 0.296871 
18 0.36237 
21 0.419975 
16 0.419552 
19 0.392853 
21 0.393055 
18 0.352757 
22 0.437206 
18 0.364277 
17 0.345757 
19 0.417503 
17 0.43552 
22 0.437267 
16 0.384651 
22 0.219284 
19 0.463882 
16 0.328545 
17 0.347416 
16 0.390667 
16 0.330051 
22 0.357719 
20 0.373451 
20 0.303333 
18 0.479774 
20 0.483822 
17 0.383995 
21 0.438297 
15 0.43478 
20 0.414738 
17 0.404121 
18 0.388916 
18 0.50922 
17 0.370285 
21 0.445423 
18 0.35836 
19 0.337265 
21 0.46822 
18 0.390884 
22 0.428207 
19 0.352165 
20 0.273678 
16 0.38327 
16 0.483547 
16 0.405853 
16 0.319962 
21 0.295727 
21 0.53968 
19 0.381802 
16 0.2981 
19 0.291759 
21 0.477024 
21 0.440403 
17 0.416672 
18 0.382408 
23 0.435909 
19 0.439644 
20 0.371658 
23 0.374691 
24 0.449272 
22 0.45871 
21 0.239437 
20 0.369091 
19 0.44268 
21 0.354164 
24 0.429535 
18 0.443096 
18 0.34502 
20 0.364429 
20 0.425259 
19 0.348663 
23 0.374542 
19 0.383919 
19 0.3167 
18 0.315239 
19 0.421001 
21 0.405762 
19 0.368488 
20 0.349064 
16 0.180901 
20 0.350094 
19 0.298016 
18 0.465744 
19 0.26746 
21 0.44141 
19 0.463692 
20 0.370453 
18 0.313931 
23 0.355614 
20 0.376484 
19 0.389992 
21 0.394894 
18 0.322662 
21 0.464642 
20 0.457287 
19 0.350929 
19 0.392933 
17 0.364395 
19 0.408546 
21 0.433426 
22 0.485596 
20 0.378944 
19 0.407265 
21 0.453201 
23 0.478954 
20 0.350632 
23 0.35437 
22 0.46944 
18 0.367832 
19 0.423378 
18 0.346188 
18 0.287643 
18 0.414204 
17 0.309246 
21 0.385567 
19 0.321156 
19 0.410748 
22 0.340996 
22 0.374187 
22 0.368004 
20 0.397678 
17 0.288361 
20 0.349743 
18 0.381603 
22 0.397099 
22 0.351452 
20 0.250435 
22 0.371304 
17 0.41991 
24 0.408215 
20 0.325634 
19 0.431252 
20 0.387341 
20 0.381058 
19 0.354252 
20 0.420742 
18 0.330761 
18 0.365318 
22 0.319561 
21 0.374634 
18 0.360252 
21 0.377438 
22 0.392517 
20 0.461815 
16 0.378532 
21 0.435768 
23 0.339039 
19 0.35812 
20 0.451656 
20 0.417259 
23 0.32143 
19 0.323666 
18 0.351597 
20 0.40797 
18 0.355972 
18 0.356453 
23 0.434879 
20 0.451904 
19 0.307575 
19 0.42506 
21 0.399715 
20 0.420757 
19 0.435246 
18 0.368984 
21 0.424198 
15 0.196526 
21 0.423237 
20 0.332779 
22 0.341717 
24 0.418064 
20 0.342609 
16 0.346531 
18 0.461861 
23 0.465492 
17 0.449535 
20 0.438908 
17 0.397717 
19 0.34404 
25 0.395943 
23 0.408001 
21 0.343037 
20 0.353031 
20 0.38266 
20 0.426823 
23 0.363445 
21 0.351784 
19 0.277802 
19 0.378483 
19 0.409805 
17 0.372364 
19 0.467236 
22 0.396835 
22 0.386631 
22 0.366142 
21 0.39703 
21 0.355736 
18 0.284752 
23 0.393204 
20 0.418846 
20 0.327652 
19 0.4734 
20 0.45681 
18 0.390015 
20 0.390427 
19 0.360744 
20 0.344196 
18 0.356377 
21 0.385403 
23 0.383755 
18 0.437103 
19 0.363338 
17 0.463009 
21 0.38166 
20 0.316681 
16 0.37294 
20 0.447628 
20 0.414146 
22 0.433407 
21 0.367722 
22 0.352791 
19 0.385967 
21 0.418999 
18 0.397858 
20 0.378086 
21 0.353561 
20 0.421154 
18 0.288815 
16 0.308308 
23 0.342796 
19 0.318382 
24 0.472782 
17 0.296021 
18 0.428139 
23 0.338131 
22 0.354897 
17 0.326138 
22 0.429863 
23 0.415462 
19 0.419003 
21 0.324554 
23 0.46899 
23 0.374031 
20 0.342056 
16 0.310204 
23 0.376282 
18 0.410149 
15 0.420898 
23 0.455276 
16 0.299561 
18 0.398518 
22 0.368237 
21 0.384205 
17 0.252083 
16 0.363541 
19 0.358269 
20 0.341869 
17 0.426884 
19 0.300861 
24 0.378941 
23 0.447231 
20 0.316299 
20 0.40678 
23 0.444336 
22 0.447224 
15 0.389042 
21 0.420727 
21 0.322063 
20 0.3675 
20 0.439407 
19 0.376823 
21 0.467102 
21 0.379543 
18 0.421822 
22 0.393497 
24 0.382324 
21 0.351337 
23 0.454021 
18 0.424282 
23 0.387329 
22 0.520821 
19 0.338028 
19 0.473541 
22 0.379925 
20 0.397339 
19 0.385941 
22 0.335758 
23 0.434673 
22 0.43 
24 0.43961 
22 0.364491 
20 0.436108 
21 0.331478 
21 0.319717 
16 0.407192 
20 0.343796 
19 0.365894 
17 0.388397 
24 0.405888 
22 0.335953 
19 0.332596 
17 0.388538 
23 0.345379 
20 0.322861 
21 0.397896 
18 0.430008 
24 0.428215 
22 0.414692 
21 0.463676 
23 0.416527 
23 0.370312 
20 0.371319 
22 0.462234 
20 0.37402 
24 0.476784 
22 0.408512 
21 0.445366 
17 0.294949 
23 0.451992 
24 0.47567 
15 0.2686 
22 0.429478 
22 0.402145 
19 0.469002 
22 0.453354 
19 0.4053 
22 0.454212 
19 0.373466 
17 0.491295 
23 0.415695 
23 0.300781 
21 0.417576 
19 0.272087 
20 0.458748 
22 0.400444 
23 0.28886 
22 0.374565 
23 0.284588 
19 0.439304 
19 0.267803 
22 0.400867 
23 0.350883 
21 0.41291 
22 0.405571 
22 0.476963 
21 0.372177 
24 0.445328 
21 0.424328 
22 0.446503 
20 0.355392 
21 0.361092 
23 0.418606 
20 0.327454 
22 0.433933 
23 0.378235 
23 0.409752 
20 0.326153 
23 0.37529 
20 0.441532 
21 0.391006 
24 0.402721 
23 0.386761 
23 0.37373 
20 0.423512 
21 0.443272 
21 0.424835 
20 0.382557 
21 0.41497 
25 0.397144 
25 0.363247 
19 0.452358 
19 0.372116 
23 0.399666 
23 0.471546 
21 0.408054 
22 0.446114 
21 0.329887 
20 0.323093 
23 0.46838 
24 0.369205 
19 0.420486 
22 0.376427 
25 0.375298 
24 0.348503 
23 0.277401 
20 0.399643 
23 0.331314 
20 0.458988 
23 0.353836 
23 0.376194 
21 0.325314 
24 0.442795 
23 0.372803 
20 0.352482 
24 0.412857 
26 0.468063 
24 0.364708 
23 0.385147 
20 0.364262 
20 0.424427 
20 0.35619 
20 0.383484 
18 0.302723 
21 0.384644 
23 0.417362 
19 0.376244 
23 0.386017 
20 0.352898 
23 0.359699 
25 0.343285 
23 0.335426 
20 0.401802 
24 0.431976 
18 0.335316 
20 0.388298 
22 0.437412 
20 0.458248 
23 0.368305 
23 0.434456 
21 0.387684 
24 0.29388 
20 0.314716 
20 0.257259 
24 0.414185 
22 0.516182 
22 0.472622 
23 0.3298 
21 0.477501 
21 0.386047 
23 0.424736 
22 0.330467 
24 0.337635 
25 0.338337 
23 0.451435 
20 0.472206 
22 0.309109 
21 0.462547 
23 0.4175 
22 0.400921 
25 0.474976 
26 0.460194 
21 0.455265 
23 0.403477 
21 0.355503 
26 0.352764 
24 0.394279 
22 0.439171 
21 0.442863 
20 0.344048 
20 0.358978 
25 0.353844 
22 0.418358 
26 0.3974 
20 0.36412 
25 0.420166 
24 0.356937 
22 0.412102 
19 0.375793 
19 0.40469 
25 0.392132 
23 0.362465 
24 0.427971 
18 0.386318 
20 0.431725 
25 0.355263 
18 0.356236 
22 0.358437 
24 0.432999 
24 0.382149 
26 0.465794 
21 0.348606 
24 0.396198 
24 0.367908 
26 0.396652 
20 0.393925 
26 0.394005 
20 0.406883 
25 0.405956 
19 0.417847 
24 0.425838 
24 0.414368 
18 0.46537 
22 0.323814 
19 0.429836 
18 0.397949 
27 0.359035 
23 0.370674 
24 0.441895 
23 0.439014 
24 0.411205 
26 0.43634 
23 0.416294 
21 0.362934 
21 0.389099 
20 0.321796 
19 0.343651 
23 0.382233 
21 0.321503 
21 0.331844 
25 0.443611 
23 0.350403 
24 0.393093 
21 0.410988 
23 0.313942 
22 0.48143 
23 0.369324 
20 0.381493 
23 0.283573 
23 0.335613 
19 0.393471 
22 0.365711 
27 0.415287 
21 0.287746 
27 0.382236 
22 0.307541 
26 0.511597 
24 0.357204 
27 0.428898 
22 0.378208 
22 0.308296 
26 0.423084 
24 0.355389 
27 0.406242 
23 0.471981 
22 0.31892 
21 0.405361 
21 0.365131 
22 0.428978 
22 0.421627 
24 0.37027 
23 0.340916 
23 0.424923 
23 0.414886 
24 0.377445 
21 0.448956 
21 0.343983 
22 0.450645 
24 0.446754 
21 0.445728 
25 0.38266 
24 0.302414 
17 0.386204 
23 0.442097 
20 0.432327 
25 0.39827 
23 0.486732 
23 0.434597 
23 0.37579 
25 0.430538 
25 0.353119 
24 0.326675 
23 0.439819 
21 0.373344 
21 0.338833 
24 0.389256 
26 0.30125 
25 0.381081 
27 0.438892 
24 0.413673 
25 0.338558 
25 0.449806 
26 0.394474 
22 0.435219 
24 0.383926 
22 0.419086 
23 0.335346 
20 0.399773 
27 0.403713 
25 0.389221 
22 0.365089 
23 0.38332 
23 0.416073 
20 0.333889 
22 0.411118 
27 0.293968 
25 0.350594 
20 0.366741 
25 0.401081 
21 0.399071 
25 0.388355 
24 0.40134 
24 0.445118 
24 0.299339 
26 0.444256 
24 0.320042 
30 0.436287 
27 0.410549 
22 0.382603 
20 0.315804 
23 0.374428 
24 0.3382 
22 0.390518 
24 0.414852 
24 0.421749 
25 0.423283 
22 0.423176 
22 0.379162 
25 0.420765 
24 0.441051 
21 0.378109 
26 0.471004 
26 0.428448 
22 0.485996 
23 0.399376 
23 0.427979 
23 0.376598 
19 0.393406 
23 0.43782 
26 0.469738 
25 0.476791 
24 0.32975 
23 0.356754 
21 0.43198 
23 0.418457 
24 0.350288 
23 0.430244 
20 0.392235 
23 0.306248 
27 0.465065 
26 0.407032 
22 0.458706 
23 0.420834 
25 0.301815 
20 0.262852 
24 0.359241 
22 0.425465 
21 0.375034 
25 0.444645 
24 0.377396 
24 0.403355 
27 0.470097 
22 0.36702 
23 0.394901 
23 0.388351 
26 0.410137 
22 0.385246 
25 0.410076 
24 0.446896 
23 0.474522 
24 0.341908 
19 0.385525 
25 0.350574 
25 0.341022 
24 0.410934 
26 0.420326 
27 0.433056 
27 0.444981 
22 0.415417 
23 0.393036 
17 0.384655 
29 0.442928 
24 0.396275 
25 0.322388 
20 0.409519 
24 0.463116 
25 0.440502 
26 0.392162 
22 0.406715 
25 0.401978 
21 0.331608 
24 0.289005 
23 0.406525 
26 0.245209 
26 0.358929 
22 0.385109 
26 0.499901 
28 0.434425 
24 0.385006 
21 0.332836 
26 0.346561 
24 0.32914 
27 0.427032 
27 0.397823 
26 0.413177 
28 0.400776 
26 0.362602 
26 0.405521 
24 0.399879 
24 0.334652 
23 0.448578 
22 0.399303 
24 0.323681 
28 0.361061 
27 0.422535 
26 0.349098 
22 0.427002 
22 0.359203 
27 0.384701 
27 0.382103 
26 0.346104 
26 0.424828 
26 0.406628 
25 0.404591 
24 0.316017 
23 0.409813 
25 0.410271 
26 0.375988 
20 0.381741 
24 0.399158 
24 0.50618 
25 0.395725 
23 0.403805 
27 0.400616 
27 0.449211 
20 0.371231 
29 0.429543 
26 0.435097 
26 0.439877 
21 0.414928 
22 0.450424 
23 0.375313 
19 0.417122 
23 0.413731 
28 0.356262 
26 0.428585 
24 0.380398 
25 0.427761 
26 0.394459 
19 0.356701 
23 0.365128 
23 0.415787 
25 0.352081 
21 0.350994 
25 0.428673 
24 0.405888 
26 0.41544 
22 0.328098 
25 0.374741 
22 0.472393 
22 0.479149 
25 0.427261 
25 0.383247 
28 0.403378 
23 0.461712 
26 0.363808 
24 0.387302 
21 0.46138 
23 0.413258 
27 0.325279 
21 0.472649 
24 0.442112 
27 0.408234 
25 0.501068 
25 0.408619 
26 0.378044 
27 0.40551 
28 0.39296 
27 0.409302 
23 0.448795 
25 0.463253 
23 0.333435 
21 0.347576 
19 0.320473 
20 0.264259 
27 0.448063 
24 0.328724 
24 0.382526 
26 0.446365 
19 0.30883 
23 0.385456 
20 0.33646 
24 0.38203 
25 0.411327 
29 0.289883 
23 0.308704 
21 0.289635 
24 0.424583 
22 0.438538 
27 0.429695 
28 0.388378 
21 0.290401 
27 0.424896 
28 0.312809 
26 0.373806 
22 0.342136 
23 0.249157 
25 0.423542 
27 0.327694 
29 0.415184 
24 0.452549 
25 0.422672 
23 0.474239 
21 0.351803 
23 0.346043 
29 0.417641 
24 0.454609 
24 0.459015 
24 0.423935 
27 0.356243 
21 0.321487 
23 0.420219 
21 0.424736 
27 0.382 
21 0.367168 
23 0.390835 
25 0.349655 
27 0.426693 
19 0.411797 
28 0.375874 
25 0.351299 
21 0.36306 
24 0.412891 
26 0.412441 
23 0.309559 
27 0.441551 
25 0.389904 
25 0.447296 
24 0.347633 
23 0.37352 
25 0.379208 
21 0.357174 
29 0.370918 
23 0.297501 
29 0.376392 
27 0.352043 
27 0.38591 
21 0.315468 
22 0.47625 
21 0.284275 
28 0.423359 
26 0.283871 
26 0.341946 
22 0.448883 
25 0.395302 
21 0.397881 
26 0.394794 
28 0.35817 
25 0.403728 
25 0.413769 
22 0.411678 
25 0.30011 
27 0.469013 
21 0.413654 
24 0.44672 
26 0.42453 
24 0.410191 
24 0.442074 
26 0.438843 
28 0.386562 
24 0.387962 
22 0.448837 
25 0.409721 
25 0.473 
26 0.391365 
28 0.395138 
22 0.481045 
27 0.410042 
26 0.458862 
30 0.405602 
24 0.395348 
22 0.337486 
21 0.275715 
25 0.367905 
25 0.466919 
19 0.294018 
27 0.412422 
