1014745 0.578934 
94382 0.553474 
130599 0.557293 
588781 0.565292 
1014209 0.569286 
186336 0.562141 
897066 0.573982 
116468 0.551048 
480500 0.563557 
728561 0.562477 
278521 0.560734 
278819 0.562817 
1014855 0.575298 
147613 0.571674 
1015076 0.573177 
224833 0.573074 
202681 0.557732 
527060 0.56974 
1014271 0.573029 
800649 0.568047 
1013715 0.576218 
119645 0.551548 
436641 0.561718 
576507 0.567223 
1014613 0.570778 
80321 0.551693 
315603 0.564869 
1014531 0.574612 
1014327 0.568607 
993195 0.568474 
1015818 0.563389 
1014179 0.574196 
185823 0.561291 
256179 0.56551 
1014021 0.567062 
1014291 0.572788 
394132 0.554699 
164229 0.568905 
97856 0.551903 
983682 0.570938 
1014622 0.568695 
307158 0.564007 
470056 0.566467 
560794 0.565651 
71030 0.560669 
143016 0.550877 
1014155 0.580357 
1013808 0.56287 
354476 0.562874 
139832 0.551479 
804200 0.572014 
1014933 0.564899 
1014333 0.566948 
941875 0.566082 
763646 0.562904 
1015090 0.575336 
1013796 0.580807 
100157 0.545559 
1014962 0.570461 
436937 0.567688 
879640 0.565331 
1014505 0.579876 
197811 0.555672 
571530 0.569 
348064 0.556614 
697174 0.563061 
1014865 0.567616 
1014400 0.564751 
1015019 0.567425 
1013629 0.565506 
1014332 0.569313 
1013706 0.571419 
487434 0.564995 
326390 0.562618 
1013749 0.566067 
665508 0.583897 
169690 0.553104 
