300 0.19978 0.19952 0.199425 0.200031 0.199409 0.199474 0.1978 0.199795 0.199635 0.198895 
350 0.199883 0.199738 0.199764 0.198307 0.199833 0.199898 0.200218 0.199196 0.199661 0.200039 
400 0.19698 0.198425 0.199692 0.198425 0.199192 0.199512 0.199978 0.200035 0.198582 0.198505 
450 0.199799 0.200428 0.199673 0.198593 0.200241 0.198792 0.199318 0.200573 0.200245 0.199921 
500 0.199448 0.198761 0.20015 0.199821 0.199711 0.199848 0.200291 0.199924 0.198296 0.197849 
550 0.19968 0.200916 0.199593 0.199173 0.200108 0.199215 0.20023 0.199612 0.200603 0.200077 
600 0.199551 0.199936 0.20026 0.198997 0.199223 0.199738 0.199924 0.199783 0.199993 0.199764 
650 0.199867 0.199841 0.199554 0.200115 0.200222 0.199532 0.199905 0.200245 0.200397 0.20026 
700 0.200073 0.200211 0.198666 0.200153 0.200069 0.200352 0.199722 0.19994 0.199387 0.199387 
750 0.198929 0.200352 0.199982 0.199844 0.200245 0.199902 0.200249 0.199024 0.200092 0.199261 
800 0.199604 0.200146 0.200153 0.2001 0.200272 0.200363 0.198666 0.199486 0.200115 0.199986 
850 0.199654 0.20015 0.200058 0.200108 0.200512 0.199497 0.200161 0.200005 0.199902 0.199612 
900 0.200054 0.200268 0.200176 0.199963 0.1996 0.200073 0.200211 0.199516 0.200211 0.199612 
950 0.20034 0.19986 0.199551 0.200317 0.200306 0.20013 0.200417 0.199833 0.199879 0.200058 
1000 0.200222 0.200367 0.199821 0.199947 0.199841 0.200348 0.199715 0.199783 0.200165 0.200401 
