19 0.328831 
18 0.407043 
18 0.41473 
19 0.376549 
22 0.431385 
20 0.320049 
20 0.236347 
21 0.453545 
18 0.371948 
17 0.34132 
20 0.390846 
19 0.471626 
19 0.432407 
16 0.366173 
16 0.294304 
20 0.463715 
21 0.448444 
20 0.371811 
21 0.367664 
21 0.282913 
21 0.38401 
18 0.392384 
23 0.424767 
14 0.411701 
19 0.411884 
18 0.37278 
20 0.312473 
19 0.365746 
17 0.466084 
20 0.431976 
18 0.452785 
18 0.425426 
15 0.374477 
20 0.391766 
17 0.374569 
20 0.396019 
17 0.364334 
18 0.33572 
17 0.431053 
15 0.432781 
20 0.361763 
16 0.342991 
19 0.364719 
18 0.383831 
17 0.359253 
19 0.282562 
18 0.3866 
20 0.402935 
18 0.387287 
18 0.463127 
18 0.424828 
20 0.3792 
20 0.401646 
18 0.408375 
18 0.362106 
16 0.354721 
19 0.336521 
20 0.492691 
19 0.29771 
20 0.438847 
18 0.388344 
20 0.458271 
20 0.408886 
20 0.360981 
20 0.32019 
21 0.358536 
18 0.347042 
21 0.36092 
19 0.406628 
17 0.421883 
20 0.424713 
16 0.373135 
19 0.344963 
18 0.406391 
19 0.477299 
18 0.379944 
20 0.450146 
16 0.289307 
19 0.448223 
15 0.370113 
19 0.368458 
21 0.455257 
18 0.385326 
16 0.440392 
18 0.311741 
19 0.321823 
18 0.37566 
20 0.435547 
17 0.325871 
20 0.48859 
18 0.311409 
19 0.365959 
20 0.403889 
20 0.414047 
18 0.37524 
18 0.372772 
24 0.389477 
18 0.335567 
19 0.405514 
19 0.394318 
22 0.424133 
20 0.368839 
21 0.326019 
17 0.328781 
22 0.287731 
23 0.374023 
19 0.448357 
20 0.381668 
19 0.320671 
20 0.40546 
18 0.407135 
21 0.512337 
21 0.309509 
20 0.446957 
21 0.355427 
22 0.40583 
18 0.346512 
17 0.43792 
19 0.261711 
18 0.307354 
21 0.391434 
22 0.46125 
19 0.338326 
19 0.308632 
20 0.224693 
18 0.330696 
15 0.320541 
18 0.308777 
15 0.384705 
19 0.418362 
20 0.37468 
22 0.446465 
20 0.400772 
18 0.399826 
20 0.394566 
22 0.342003 
21 0.403751 
20 0.403183 
18 0.328957 
18 0.424156 
21 0.395336 
20 0.358273 
19 0.305256 
16 0.264042 
17 0.388538 
18 0.399746 
23 0.380089 
19 0.298786 
23 0.466637 
20 0.35733 
17 0.366875 
19 0.335739 
22 0.44516 
19 0.431313 
18 0.422222 
22 0.422398 
18 0.420406 
20 0.367382 
17 0.445374 
23 0.288132 
18 0.355133 
19 0.316021 
18 0.322071 
23 0.318871 
17 0.279335 
18 0.36483 
16 0.43343 
15 0.424435 
19 0.378143 
15 0.374233 
17 0.438797 
21 0.40234 
22 0.366222 
18 0.421032 
21 0.38942 
17 0.428204 
20 0.445759 
19 0.339901 
22 0.423191 
22 0.344765 
19 0.358398 
18 0.396217 
16 0.321018 
20 0.327961 
20 0.40044 
21 0.386097 
19 0.354477 
21 0.322365 
19 0.396229 
19 0.422764 
20 0.395679 
18 0.366882 
22 0.371922 
19 0.457127 
21 0.388435 
23 0.361191 
18 0.350082 
21 0.508141 
15 0.30991 
20 0.399109 
24 0.360596 
24 0.477844 
21 0.482273 
18 0.473114 
21 0.331642 
21 0.342655 
20 0.400139 
24 0.401798 
24 0.39732 
19 0.38633 
21 0.269142 
18 0.363972 
21 0.35342 
26 0.448154 
23 0.440212 
23 0.387234 
19 0.435871 
19 0.367577 
13 0.326813 
22 0.431091 
16 0.379074 
24 0.440529 
21 0.448997 
14 0.356045 
23 0.411831 
22 0.309204 
23 0.414932 
16 0.36166 
18 0.373455 
21 0.403126 
17 0.450909 
21 0.402241 
18 0.343224 
15 0.400753 
25 0.374401 
23 0.378708 
17 0.349113 
21 0.353302 
22 0.424168 
23 0.348289 
19 0.438774 
21 0.324718 
23 0.427822 
22 0.330849 
21 0.398582 
21 0.441097 
24 0.415699 
20 0.473629 
25 0.430145 
20 0.394627 
20 0.398796 
23 0.406673 
22 0.387215 
20 0.420441 
19 0.322514 
21 0.306076 
17 0.478355 
20 0.358894 
21 0.391514 
20 0.414062 
16 0.352013 
22 0.47702 
21 0.399704 
24 0.445065 
18 0.341629 
21 0.451115 
20 0.394749 
21 0.322502 
18 0.368839 
20 0.395866 
22 0.286617 
22 0.342213 
18 0.451794 
20 0.36026 
22 0.431797 
19 0.32275 
19 0.392254 
20 0.42099 
22 0.300106 
20 0.437187 
20 0.417862 
20 0.350334 
20 0.377674 
21 0.430878 
21 0.357567 
21 0.467007 
18 0.28101 
20 0.344257 
20 0.416054 
19 0.336994 
20 0.390366 
19 0.420212 
19 0.462456 
21 0.355568 
17 0.303596 
21 0.333069 
20 0.35775 
20 0.334999 
20 0.403786 
23 0.390564 
24 0.395741 
22 0.444302 
19 0.45797 
19 0.373581 
21 0.264313 
23 0.317383 
22 0.397457 
23 0.348633 
15 0.369492 
20 0.282032 
20 0.383007 
24 0.458973 
23 0.441463 
22 0.425049 
22 0.388607 
21 0.35112 
23 0.437122 
25 0.3465 
25 0.464024 
22 0.428673 
24 0.409275 
23 0.338997 
22 1.34339 
16 0.351116 
20 0.434559 
23 0.412235 
20 0.2939 
20 0.297443 
26 0.36039 
24 0.450264 
20 0.311699 
22 0.354366 
20 0.321484 
21 0.411053 
19 0.404106 
18 0.260841 
19 0.493568 
18 0.426647 
18 0.422562 
23 0.415222 
20 0.423927 
22 0.341549 
20 0.417789 
22 0.372185 
20 0.464069 
19 0.303715 
23 0.416424 
23 0.393764 
16 0.205498 
17 0.422836 
23 0.285259 
20 0.415081 
18 0.459988 
21 0.403545 
19 0.345718 
21 0.301247 
22 0.42384 
19 0.401894 
21 0.347816 
17 0.277275 
23 0.418457 
18 0.466454 
23 0.464943 
20 0.302185 
22 0.424816 
21 0.411007 
25 0.44585 
24 0.488594 
23 0.43055 
16 0.375706 
22 0.335846 
22 0.363792 
23 0.421295 
19 0.428768 
21 0.364784 
22 0.389565 
21 0.458557 
19 0.417778 
24 0.36145 
22 0.362507 
22 0.260975 
22 0.363365 
21 0.418442 
25 0.386131 
20 0.369572 
20 0.418503 
21 0.42189 
21 0.365402 
18 0.337395 
21 0.309181 
22 0.492199 
18 0.322029 
24 0.426331 
18 0.412621 
22 0.406258 
20 0.369701 
15 0.423073 
22 0.421074 
22 0.384388 
23 0.413719 
22 0.359081 
24 0.421227 
21 0.404316 
25 0.427341 
24 0.323807 
20 0.429935 
25 0.447311 
21 0.433754 
24 0.432549 
23 0.387146 
20 0.397308 
24 0.427784 
22 0.343925 
24 0.269302 
23 0.319496 
21 0.380337 
21 0.296249 
19 0.478584 
22 0.35923 
25 0.394676 
21 0.46389 
22 0.35886 
23 0.442162 
20 0.466316 
23 0.420834 
23 0.420094 
21 0.390347 
24 0.316181 
22 0.445831 
22 0.397881 
23 0.415958 
22 0.453156 
24 0.282269 
22 0.388336 
21 0.429874 
22 0.354321 
24 0.364887 
17 0.426376 
19 0.402714 
23 0.453514 
23 0.308125 
20 0.415241 
21 0.368526 
18 0.380424 
20 0.400223 
22 0.37114 
23 0.375965 
20 0.396038 
24 0.395996 
20 0.310276 
20 0.388184 
20 0.366524 
25 0.426701 
23 0.342896 
19 0.369408 
25 0.309425 
21 0.407158 
19 0.370953 
24 0.449829 
19 0.470791 
21 0.415436 
20 0.372059 
25 0.338581 
23 0.379963 
23 0.397781 
22 0.358337 
21 0.334179 
22 0.258865 
21 0.233368 
19 0.360535 
24 0.335991 
20 0.328499 
21 0.377651 
25 0.337288 
20 0.406578 
25 0.373379 
22 0.432064 
20 0.453327 
24 0.399994 
23 0.255646 
26 0.258911 
23 0.477779 
23 0.342846 
26 0.366825 
18 0.371368 
25 0.431423 
20 0.460773 
20 0.338799 
21 0.470303 
20 0.501961 
21 0.374115 
20 0.283813 
22 0.376572 
22 0.348682 
21 0.365116 
25 0.450008 
23 0.393375 
24 0.397762 
20 0.36549 
21 0.411316 
20 0.364925 
21 0.433681 
22 0.364548 
23 0.394657 
25 0.339378 
22 0.46896 
28 0.403011 
21 0.300938 
20 0.372887 
22 0.407616 
23 0.41037 
23 0.421135 
23 0.391376 
24 0.383995 
24 0.375729 
21 0.329643 
25 0.502518 
24 0.374805 
26 0.402721 
21 0.415382 
21 0.437607 
23 0.379192 
22 0.345276 
23 0.366417 
22 0.427116 
23 0.478691 
26 0.309952 
20 0.382935 
22 0.333454 
25 0.348518 
23 0.427269 
21 0.45216 
20 0.386513 
20 0.345192 
23 0.338757 
25 0.403561 
25 0.292114 
23 0.296333 
19 0.336277 
26 0.466072 
19 0.371822 
22 0.357117 
20 0.45311 
21 0.347637 
23 0.331486 
25 0.469158 
21 0.376289 
22 0.475101 
23 0.341694 
21 0.365849 
18 0.413235 
23 0.377651 
22 0.33728 
21 0.506374 
23 0.428841 
24 0.345337 
21 0.432384 
24 0.413765 
25 0.415077 
23 0.337017 
25 0.368393 
22 0.390079 
24 0.362064 
27 0.391323 
25 0.382809 
20 0.370098 
25 0.460159 
25 0.308449 
21 0.407108 
20 0.411388 
24 0.390652 
19 0.393223 
19 0.491169 
24 0.391228 
19 0.355766 
24 0.423584 
26 0.396126 
23 0.41045 
23 0.408207 
22 0.457737 
22 0.437626 
24 0.432556 
22 0.389145 
23 0.41996 
28 0.412712 
22 0.435928 
23 0.384949 
24 0.464024 
23 0.292408 
20 0.401703 
24 0.485802 
25 0.388077 
23 0.379032 
23 0.390675 
27 0.421127 
20 0.361187 
21 0.377258 
21 0.43269 
18 0.339676 
23 0.416317 
28 0.377964 
21 0.420818 
25 0.411243 
27 0.436226 
27 0.373981 
24 0.405495 
20 0.33604 
26 0.294952 
21 0.425457 
22 0.390316 
24 0.423313 
22 0.315769 
26 0.42627 
21 0.350407 
28 0.704651 
23 0.404156 
27 0.431244 
25 0.414429 
25 0.412521 
22 0.372555 
24 0.311932 
24 0.39209 
22 0.407223 
23 0.393196 
23 0.249382 
26 0.469547 
23 0.339497 
24 0.430866 
25 0.395149 
23 0.362671 
24 0.390633 
26 0.406174 
24 0.28759 
23 0.336182 
21 0.353554 
26 0.426598 
25 0.487843 
27 0.408131 
20 0.330166 
21 0.359146 
24 0.483063 
26 0.337452 
21 0.296871 
22 0.33849 
25 0.441334 
24 0.371052 
24 0.414257 
26 0.392498 
25 0.391571 
23 0.377911 
23 0.431885 
21 0.443405 
20 0.461033 
20 0.365158 
24 0.340588 
20 0.370331 
19 0.398369 
24 0.38448 
20 0.393921 
24 0.405167 
21 0.27269 
22 0.36665 
22 0.417774 
19 0.354206 
24 0.403126 
22 0.442913 
23 0.441669 
19 0.377949 
24 0.344837 
23 0.447495 
24 0.421875 
24 0.470016 
23 0.39529 
21 0.445385 
23 0.377552 
20 0.384415 
21 0.440323 
19 0.362595 
22 0.323856 
25 0.508522 
23 0.305862 
24 0.323257 
21 0.348061 
25 0.372486 
23 0.415657 
25 0.355961 
23 0.327961 
29 0.420425 
24 0.334541 
23 0.397064 
25 0.44561 
22 0.374626 
25 0.357864 
21 0.393192 
26 0.38715 
22 0.449215 
28 0.328514 
22 0.405167 
21 0.355713 
23 0.361286 
27 0.435005 
26 0.400497 
21 0.299702 
23 0.315754 
23 0.354546 
27 0.36829 
24 0.398422 
24 0.45668 
20 0.358303 
23 0.47776 
29 0.343658 
24 0.470398 
25 0.457676 
26 0.475147 
26 0.421619 
24 0.458183 
25 0.350651 
24 0.39666 
25 0.416912 
22 0.444298 
29 0.369419 
26 0.363342 
23 0.345558 
23 0.359699 
26 0.37674 
24 0.443874 
23 0.370541 
26 0.408768 
25 0.430325 
25 0.340675 
27 0.416111 
26 0.381268 
26 0.422527 
25 0.285175 
26 0.387463 
18 0.448967 
25 0.413841 
26 0.321106 
25 0.408764 
27 0.403858 
24 0.358631 
23 0.31599 
25 0.326687 
25 0.437611 
25 0.398586 
23 0.434879 
21 0.412506 
28 0.417625 
25 0.384533 
25 0.435917 
26 0.397293 
24 0.336868 
22 0.388153 
29 0.344994 
25 0.361668 
27 0.420097 
25 0.382389 
22 0.373905 
21 0.420509 
23 0.420147 
25 0.371044 
20 0.384983 
23 0.45702 
20 0.375553 
25 0.354549 
23 0.35215 
27 0.373993 
28 0.421616 
24 0.442123 
25 0.426556 
24 0.482712 
23 0.449104 
24 0.384766 
20 0.424702 
27 0.31414 
27 0.479061 
17 0.404331 
24 0.339958 
26 0.391159 
23 0.335915 
27 0.459072 
24 0.3465 
24 0.397812 
21 0.331486 
26 0.409588 
26 0.358398 
25 0.397804 
23 0.373817 
25 0.350723 
28 0.332096 
24 0.397415 
26 0.341427 
24 0.379307 
23 0.426655 
19 0.399227 
24 0.422173 
26 0.383545 
24 0.429054 
21 0.452312 
26 0.283344 
27 0.332294 
24 0.381134 
24 0.287312 
29 0.381638 
27 0.39407 
27 0.356556 
21 0.409374 
22 0.390255 
23 0.448509 
25 0.41296 
22 0.414185 
29 0.416386 
24 0.448978 
29 0.381592 
29 0.379536 
24 0.442703 
24 0.459003 
24 0.364021 
23 0.398621 
25 0.380344 
25 0.323898 
18 0.428051 
25 0.409046 
23 0.370155 
26 0.405937 
27 0.425373 
24 0.44693 
23 0.377327 
26 0.457069 
26 0.354168 
29 0.291077 
23 0.49308 
25 0.431232 
25 0.32196 
27 0.451664 
23 0.409142 
23 0.269833 
21 0.436348 
25 0.443439 
19 0.359264 
21 0.464237 
25 0.436535 
23 0.344582 
26 0.420696 
24 0.431229 
21 0.447025 
21 0.366146 
26 0.422531 
25 0.364532 
28 0.477715 
23 0.439163 
25 0.385113 
23 0.395897 
27 0.379505 
27 0.289249 
23 0.389969 
26 0.364029 
26 0.392166 
28 0.454201 
24 0.390671 
24 0.34053 
23 0.373222 
25 0.335907 
22 0.286488 
29 0.412903 
24 0.40633 
27 0.282627 
25 0.328995 
25 0.307774 
26 0.449684 
25 0.427475 
26 0.449238 
25 0.351742 
25 0.387413 
23 0.408276 
25 0.397823 
25 0.340431 
26 0.451462 
27 0.349674 
28 0.417313 
26 0.460659 
21 0.428043 
25 0.447262 
23 0.432743 
26 0.460922 
29 0.411919 
23 0.400627 
26 0.313171 
24 0.40107 
27 0.409573 
21 0.37888 
22 0.465206 
27 0.2934 
25 0.450539 
27 0.356094 
28 0.415363 
27 0.431824 
24 0.384422 
25 0.447922 
27 0.451328 
22 0.327976 
26 0.392754 
27 0.329262 
27 0.428467 
26 0.386055 
21 0.366711 
24 0.399048 
27 0.363785 
28 0.4076 
29 0.398956 
28 0.339504 
30 0.434196 
26 0.360577 
25 0.422909 
26 0.419315 
28 0.37854 
25 0.410145 
28 0.36031 
25 0.451221 
30 0.409241 
19 0.408989 
27 0.455166 
28 0.438122 
25 0.38586 
25 0.43045 
27 0.363472 
25 0.384335 
25 0.418694 
24 0.355865 
25 0.431293 
25 0.446541 
28 0.372849 
25 0.398365 
23 0.305084 
24 0.390152 
30 0.326694 
26 0.422672 
25 0.39817 
21 0.295078 
23 0.435883 
28 0.379139 
24 0.430405 
26 0.398502 
26 0.393826 
29 0.390926 
24 0.337032 
30 0.395451 
22 0.422901 
32 0.471771 
27 0.404987 
24 0.425076 
29 0.465168 
27 0.415215 
26 0.372482 
26 0.423786 
26 0.374779 
24 0.332035 
29 0.423897 
28 0.426022 
25 0.325958 
27 0.33889 
28 0.423458 
26 0.389771 
28 0.442543 
20 0.426685 
27 0.267178 
26 0.328148 
25 0.353344 
25 0.34029 
28 0.418083 
25 0.301338 
25 0.502052 
26 0.468582 
26 0.379692 
30 0.435394 
27 0.463215 
29 0.431477 
26 0.341656 
28 0.294827 
24 0.414413 
29 0.365582 
28 0.449383 
27 0.377872 
26 0.4828 
30 0.414543 
30 0.417542 
29 0.396358 
29 0.36908 
27 0.50259 
27 0.392635 
29 0.438026 
21 0.361519 
30 0.451946 
23 0.411564 
25 0.394123 
26 0.452953 
22 0.308064 
26 0.395638 
25 0.463757 
20 0.346684 
27 0.343769 
29 0.430153 
27 0.358067 
26 0.448814 
28 0.446175 
26 0.419025 
29 0.470367 
27 0.44622 
28 0.422379 
26 0.410217 
26 0.447487 
28 0.419788 
28 0.410286 
24 0.277164 
26 0.386654 
30 0.362591 
32 0.427368 
27 0.394699 
28 0.40403 
22 0.446815 
28 0.386616 
27 0.427425 
26 0.397831 
28 0.454258 
31 0.492947 
25 0.343296 
29 0.407139 
25 0.385468 
24 0.323765 
22 0.424461 
30 0.405594 
24 0.437141 
22 0.42411 
28 0.378613 
29 0.468838 
22 0.357239 
23 0.380241 
25 0.426712 
26 0.453354 
24 0.393284 
23 0.321926 
24 0.303474 
31 0.488613 
23 0.326878 
26 0.404858 
25 0.41061 
23 0.403305 
21 0.449188 
23 0.407932 
25 0.441048 
27 0.372753 
29 0.34972 
28 0.431786 
28 0.38102 
26 0.346954 
27 0.468979 
27 0.446999 
30 0.34906 
29 0.431217 
27 0.408741 
21 0.361153 
23 0.304981 
28 0.286827 
29 0.399422 
29 0.342529 
27 0.356602 
27 0.352997 
26 0.384933 
28 0.488453 
31 0.488525 
29 0.368927 
29 0.428959 
28 0.376549 
27 0.375542 
29 0.422405 
27 0.324238 
25 0.334988 
32 0.411377 
25 0.454308 
28 0.440552 
28 0.457451 
26 0.382538 
29 0.449963 
28 0.354965 
25 0.416805 
23 0.454662 
22 0.305149 
26 0.445122 
26 0.415634 
23 0.262856 
28 0.391151 
25 0.399929 
25 0.374416 
22 0.454536 
28 0.370262 
25 0.479473 
27 0.475929 
27 0.320881 
28 0.379951 
30 0.341732 
22 0.37569 
27 0.420525 
31 0.412533 
33 0.385349 
25 0.37991 
27 0.378029 
27 0.383793 
33 0.415859 
29 0.41217 
28 0.379787 
28 0.413898 
28 0.404514 
31 0.39209 
31 0.307926 
22 0.396935 
30 0.470245 
27 0.339458 
26 0.416378 
26 0.485111 
28 0.459858 
28 0.357891 
27 0.464241 
28 0.469173 
25 0.322128 
28 0.341999 
29 0.327175 
27 0.345448 
29 0.426075 
28 0.417049 
24 0.428288 
28 0.430027 
28 0.423664 
26 0.458305 
27 0.356731 
26 0.346001 
28 0.454613 
29 0.424503 
26 0.387054 
28 0.407158 
31 0.422131 
22 0.422997 
30 0.449814 
30 0.414192 
27 0.361206 
29 0.379875 
28 0.470387 
28 0.442268 
28 0.33115 
27 0.38929 
31 0.333149 
26 0.316891 
28 0.479591 
27 0.302002 
26 0.346497 
31 0.357285 
30 0.382679 
27 0.42923 
27 0.443085 
22 0.352879 
20 0.408287 
26 0.415455 
28 0.291283 
27 0.452763 
31 0.384178 
25 0.403755 
30 0.343464 
26 0.319721 
29 0.421627 
31 0.41674 
26 0.403038 
28 0.372238 
30 0.431091 
28 0.371399 
29 0.327763 
29 0.439339 
16 0.430664 
29 0.411247 
28 0.379551 
28 0.419621 
29 0.406181 
31 0.512474 
28 0.395718 
27 0.406975 
28 0.454403 
25 0.398876 
26 0.392624 
33 0.372803 
30 0.37981 
26 0.326443 
30 0.448963 
24 0.391571 
21 0.383236 
26 0.412788 
24 0.415031 
24 0.428986 
34 0.426174 
31 0.377438 
30 0.406101 
31 0.44474 
27 0.417957 
29 0.3326 
28 0.405418 
33 0.446018 
30 0.380901 
28 0.350597 
29 0.45348 
33 0.419239 
30 0.386307 
32 0.339325 
22 0.457561 
30 0.435852 
26 0.414101 
28 0.464321 
31 0.320099 
26 0.409233 
27 0.424267 
29 0.351448 
29 0.378822 
27 0.446873 
29 0.346024 
32 0.510204 
26 0.363312 
29 0.455189 
27 0.411423 
29 0.370781 
24 0.483227 
29 0.402252 
28 0.41975 
30 0.328609 
31 0.472546 
26 0.477139 
28 0.390583 
29 0.422253 
26 0.416889 
29 0.437725 
26 0.436932 
27 0.438492 
28 0.40345 
27 0.339859 
27 0.340332 
29 0.431606 
33 0.335022 
29 0.367573 
29 0.333248 
26 0.398026 
30 0.416988 
28 0.371624 
32 0.319492 
30 0.365944 
31 0.439236 
30 0.432556 
31 0.320545 
31 0.494617 
26 0.310566 
27 0.363247 
31 0.40332 
30 0.472252 
31 0.356277 
24 0.4104 
26 0.445744 
28 0.421082 
29 0.830618 
27 0.382481 
30 0.373596 
30 0.384289 
29 0.416851 
34 0.447182 
31 0.349934 
25 0.360165 
31 0.434883 
25 0.422272 
30 0.439575 
32 0.356567 
29 0.421879 
25 0.480247 
23 0.38559 
29 0.412598 
27 0.360134 
25 0.357906 
27 0.330357 
25 0.322906 
29 0.380348 
28 0.424446 
27 0.44767 
28 0.473183 
31 0.361073 
25 0.39159 
29 0.331894 
22 0.418053 
23 0.396935 
27 0.332325 
30 0.423626 
31 0.358936 
22 0.37122 
26 0.418758 
24 0.420124 
29 0.433594 
29 0.392857 
28 0.316391 
28 0.398872 
28 0.465862 
28 0.43475 
27 0.328865 
31 0.467709 
32 0.418495 
27 0.445621 
26 0.450729 
26 0.414089 
24 0.348812 
27 0.333344 
28 0.402153 
25 0.376827 
30 0.370781 
29 0.447727 
28 0.389973 
32 0.445663 
28 0.416405 
27 0.366009 
31 0.43774 
32 0.421192 
29 0.341137 
32 0.440784 
27 0.419659 
31 0.446037 
33 0.354137 
33 0.429104 
29 0.453827 
28 0.371567 
27 0.410362 
32 0.452614 
29 0.358288 
32 0.450123 
29 0.387386 
32 0.443836 
33 0.421452 
32 0.40596 
28 0.334789 
27 0.327869 
30 0.371807 
30 0.353527 
33 0.397221 
27 0.443195 
26 0.358635 
29 0.396984 
27 0.421055 
32 0.41119 
30 0.363922 
30 0.424789 
31 0.387131 
30 0.424423 
30 0.367817 
32 0.392517 
30 0.467743 
31 0.422501 
29 0.435078 
24 0.411919 
26 0.32803 
27 0.405556 
29 0.487949 
26 0.394558 
24 0.306412 
27 0.446106 
29 0.440742 
31 0.360626 
31 0.480747 
35 0.35466 
31 0.441296 
27 0.428604 
31 0.397243 
26 0.39782 
26 0.394547 
27 0.302361 
29 0.322582 
26 0.374775 
25 0.478336 
30 0.434174 
27 0.434372 
26 0.384823 
30 0.407394 
29 0.420101 
29 0.424187 
23 0.407745 
30 0.315319 
28 0.378101 
31 0.348362 
29 0.451229 
29 0.421036 
29 0.367554 
25 0.375557 
30 0.388744 
28 0.386509 
25 0.415699 
29 0.456818 
27 0.417496 
30 0.383579 
33 0.453812 
27 0.355381 
30 0.396984 
29 0.479801 
28 0.379395 
25 0.43111 
33 0.439316 
27 0.416065 
28 0.382317 
33 0.364422 
31 0.462914 
27 0.44088 
31 0.402565 
31 0.390301 
29 0.435959 
26 0.301468 
26 0.434376 
25 0.422127 
29 0.405266 
33 0.437572 
30 0.472748 
29 0.35812 
32 0.398586 
33 0.39669 
28 0.424713 
31 0.408207 
31 0.427704 
22 0.408325 
27 0.361271 
31 0.33239 
28 0.423512 
32 0.372452 
29 0.323524 
32 0.397507 
31 0.414921 
31 0.40086 
30 0.387604 
31 0.424461 
33 0.456024 
29 0.470119 
30 0.342804 
32 0.412827 
28 0.352947 
29 0.403297 
27 0.416748 
32 0.411003 
27 0.454269 
35 0.378258 
27 0.352432 
32 0.35585 
25 0.400295 
28 0.474915 
25 0.43961 
31 0.434906 
31 0.499382 
29 0.438843 
27 0.432228 
27 0.452137 
31 0.448364 
28 0.320808 
30 0.420921 
32 0.436119 
35 0.38842 
29 0.387005 
29 0.438072 
29 0.461628 
33 0.482719 
26 0.422504 
29 0.331944 
31 0.400864 
30 0.405998 
29 0.41951 
32 0.360954 
30 0.410286 
32 0.378334 
28 0.416229 
28 0.462624 
25 0.426872 
32 0.439522 
29 0.44873 
28 0.410568 
35 0.400265 
25 0.376759 
32 0.464901 
31 0.369476 
28 0.406925 
31 0.37458 
31 0.437714 
30 0.346436 
28 0.333416 
31 0.402348 
29 0.358391 
34 0.454079 
33 0.399117 
25 0.424053 
33 0.486767 
28 0.448231 
32 0.42104 
28 0.281971 
31 0.398643 
24 0.367214 
32 0.435947 
26 0.459126 
25 0.375412 
24 0.3382 
30 0.462578 
29 0.420959 
29 0.399574 
30 0.38599 
29 0.400856 
30 0.461082 
31 0.307564 
32 0.365913 
33 0.372757 
30 0.358253 
32 0.425068 
32 0.427223 
29 0.419136 
30 0.442829 
29 0.468616 
29 0.359829 
31 0.497784 
30 0.42374 
32 0.494953 
31 0.466888 
32 0.471851 
32 0.480564 
31 0.362545 
33 0.454288 
32 0.417404 
35 0.473637 
29 0.459515 
34 0.459648 
35 0.408409 
31 0.456448 
29 0.430866 
29 0.483177 
34 0.41777 
31 0.386066 
30 0.455379 
31 0.439812 
34 0.402061 
27 0.390217 
25 0.4762 
33 0.451542 
31 0.440037 
31 0.377995 
33 0.389458 
36 0.376198 
31 0.47242 
27 0.358688 
28 0.45319 
28 0.438377 
31 0.335659 
31 0.495384 
33 0.434425 
32 0.393574 
29 0.371197 
30 0.458153 
32 0.313183 
26 0.383461 
30 0.342365 
31 0.417465 
31 0.376873 
29 0.323006 
34 0.508419 
31 0.454166 
32 0.324963 
28 0.350105 
33 0.421062 
32 0.379066 
31 0.462234 
35 0.357559 
32 0.402378 
31 0.433281 
33 0.391579 
30 0.434639 
28 0.408138 
32 0.476627 
27 0.384903 
34 0.415554 
34 0.418045 
29 0.407562 
31 0.442089 
34 0.437984 
32 0.448357 
33 0.432423 
32 0.351025 
32 0.417854 
27 0.454628 
29 0.429699 
30 0.372444 
32 0.409393 
30 0.428486 
32 0.373055 
26 0.371204 
27 0.426441 
27 0.399353 
29 0.427212 
31 0.40229 
29 0.409306 
25 0.352688 
31 0.430824 
31 0.361355 
29 0.440918 
29 0.364773 
31 0.327168 
30 0.405712 
31 0.340572 
32 0.498047 
34 0.408737 
32 0.386932 
38 0.443329 
30 0.379101 
26 0.378773 
32 0.417858 
32 0.448902 
32 0.406651 
35 0.463131 
31 0.487206 
32 0.410137 
35 0.376156 
31 0.349773 
27 0.36475 
32 0.449589 
32 0.429585 
32 0.446503 
34 0.38559 
33 0.40498 
30 0.465015 
27 0.48032 
32 0.356171 
38 0.462463 
35 0.447243 
34 0.340714 
32 0.383038 
34 0.373493 
31 0.427132 
32 0.318104 
31 0.410236 
28 0.370243 
30 0.395344 
33 0.360668 
32 0.402069 
32 0.424419 
32 0.458664 
24 0.340866 
31 0.400028 
29 0.39481 
34 0.379795 
34 0.42181 
27 0.34996 
31 0.389706 
30 0.435215 
30 0.479439 
27 0.345959 
30 0.427593 
35 0.457882 
35 0.475578 
28 0.497528 
24 0.399323 
31 0.420834 
31 0.454411 
36 0.433731 
29 0.406914 
26 0.439747 
27 0.334892 
33 0.394192 
33 0.408184 
30 0.475815 
24 0.357639 
32 0.385262 
26 0.464874 
30 0.381748 
30 0.363659 
33 0.458057 
31 0.356781 
33 0.445091 
32 0.424919 
37 0.443817 
33 0.422146 
29 0.317127 
30 0.352299 
35 0.447243 
34 0.469379 
32 0.423126 
29 0.407742 
24 0.370403 
34 0.387009 
31 0.403938 
33 0.411465 
28 0.440243 
33 0.456673 
29 0.428772 
29 0.439831 
30 0.374905 
30 0.445877 
30 0.453209 
31 0.427776 
32 0.403996 
33 0.403336 
29 0.389538 
36 0.421562 
32 0.398273 
32 0.324039 
