54 0.466488 
57 0.448433 
61 0.394634 
56 0.442856 
63 0.455563 
55 0.40337 
59 0.433372 
66 0.406727 
56 0.412445 
67 0.452644 
62 0.480312 
57 0.369339 
50 0.46513 
58 0.424984 
61 0.429474 
58 0.433819 
63 0.47031 
65 0.420937 
57 0.409023 
56 0.441063 
58 0.425869 
60 0.426662 
53 0.430496 
60 0.417435 
56 0.460785 
62 0.407742 
62 0.454002 
56 0.450821 
54 0.420761 
62 0.463612 
53 0.449638 
57 0.464802 
54 0.502972 
61 0.451801 
63 0.496895 
57 0.398605 
66 0.442062 
59 0.469158 
56 0.362968 
62 0.432026 
63 0.452122 
59 0.402405 
55 0.461235 
52 0.387417 
57 0.493404 
53 0.494953 
59 0.480568 
53 0.462635 
63 0.445618 
58 0.464355 
61 0.423138 
58 0.434357 
56 0.43903 
56 0.424534 
56 0.431614 
58 0.343639 
55 0.480484 
50 0.376591 
58 0.468601 
61 0.507622 
57 0.410797 
59 0.504227 
60 0.483902 
62 0.437881 
53 0.432686 
63 0.397842 
59 0.399315 
55 0.413319 
57 0.462536 
65 0.489079 
60 0.422592 
60 0.453522 
66 0.485767 
58 0.430107 
56 0.411533 
59 0.457043 
61 0.385277 
58 0.425503 
55 0.465508 
60 0.452896 
61 0.474091 
56 0.455555 
55 0.452713 
58 0.4202 
68 0.538021 
54 0.458061 
64 0.403557 
63 0.446739 
57 0.507732 
63 0.463631 
56 0.465771 
54 0.424473 
57 0.45462 
51 0.328197 
59 0.430473 
55 0.461597 
59 0.467045 
57 0.520248 
59 0.475918 
51 0.452469 
55 0.401279 
58 0.463287 
59 0.444542 
60 0.455235 
59 0.476162 
57 0.431038 
65 0.451153 
54 0.454525 
62 0.487 
62 0.427208 
53 0.328049 
57 0.377388 
55 0.445988 
61 0.439678 
62 0.461102 
59 0.378113 
61 0.417694 
57 0.456081 
60 0.403355 
58 0.408501 
59 0.46859 
61 0.477478 
55 0.410526 
64 0.397366 
59 0.462559 
54 0.474892 
58 0.433655 
64 0.504459 
63 0.445786 
61 0.475166 
58 0.488968 
59 0.404541 
57 0.502728 
60 0.413708 
61 0.471951 
58 0.356861 
56 0.400894 
61 0.422844 
62 0.401764 
58 0.40345 
58 0.425682 
57 0.415886 
61 0.382412 
57 0.429295 
63 0.48381 
61 0.398537 
62 0.49192 
60 0.46785 
58 0.386562 
65 0.441914 
64 0.468361 
59 0.368244 
61 0.432484 
53 0.410133 
61 0.444637 
66 0.423809 
55 0.438881 
55 0.417198 
52 0.431393 
62 0.434174 
59 0.392284 
56 0.51218 
56 0.379982 
70 0.435066 
54 0.446411 
59 0.465912 
62 0.495686 
54 0.46991 
61 0.42765 
60 0.465725 
53 0.418991 
59 0.439629 
56 0.438587 
56 0.479237 
59 0.441032 
56 0.482471 
62 0.469948 
59 0.481472 
61 0.446304 
62 0.36517 
64 0.444031 
64 0.454876 
63 0.494354 
64 0.488029 
59 0.434124 
61 0.44508 
55 0.432713 
58 0.440353 
62 0.482437 
58 0.371788 
64 0.446945 
60 0.449806 
58 0.406956 
54 0.475853 
52 0.434902 
65 0.443718 
61 0.476265 
62 0.445614 
56 0.436619 
59 0.434597 
57 0.493458 
63 0.440044 
64 0.38316 
67 0.483036 
53 0.433445 
62 0.46843 
56 0.407574 
61 0.426071 
66 0.404087 
59 0.449741 
63 0.410225 
63 0.45462 
53 0.444675 
62 0.437378 
63 0.448223 
63 0.452477 
62 0.432743 
61 0.459415 
68 0.398956 
69 0.415688 
58 0.453369 
60 0.392776 
60 0.501698 
67 0.476269 
62 0.461273 
60 0.437572 
60 0.525688 
63 0.441502 
56 0.410751 
64 0.408669 
61 0.435703 
61 0.403118 
58 0.3857 
67 0.459446 
59 0.430714 
57 0.479118 
60 0.456184 
58 0.457287 
54 0.456177 
67 0.397453 
66 0.429607 
58 0.43335 
65 0.477276 
62 0.418709 
52 0.396446 
60 0.41843 
60 0.448891 
61 0.421696 
64 0.456032 
60 0.395485 
62 0.390381 
61 0.829618 
65 0.413837 
59 0.462368 
57 0.465118 
57 0.446457 
64 0.405373 
62 0.471611 
65 0.44268 
61 0.397175 
55 0.438133 
66 0.503403 
60 0.39407 
61 0.440033 
61 0.448761 
53 0.431488 
64 0.454529 
63 0.43195 
59 0.480961 
62 0.39119 
57 0.479946 
58 0.412651 
57 0.392948 
56 0.454983 
59 0.469635 
61 0.426449 
57 0.449043 
65 0.431145 
57 0.434502 
62 0.453552 
58 0.39883 
56 0.412518 
53 0.437534 
57 0.487038 
63 0.466614 
53 0.47023 
62 0.46043 
58 0.369328 
62 0.425632 
61 0.369102 
54 0.398453 
58 0.472378 
58 0.420418 
56 0.385338 
64 0.421322 
64 0.425816 
61 0.422577 
63 0.466156 
56 0.44397 
60 0.397854 
62 0.455124 
56 0.498989 
57 0.486561 
53 0.465416 
58 0.472054 
57 0.478466 
63 0.4184 
75 0.429581 
58 0.420288 
59 0.470211 
63 0.423244 
56 0.431427 
65 0.457542 
64 0.405006 
70 0.503731 
66 0.43922 
64 0.435661 
68 0.456203 
65 0.418526 
61 0.422031 
55 0.406315 
60 0.398529 
66 0.465897 
62 0.461246 
61 0.413456 
62 0.434616 
65 0.499893 
64 0.471207 
65 0.442547 
58 0.483757 
58 0.440971 
60 0.479946 
68 0.46867 
56 0.474205 
61 0.405598 
61 0.440575 
68 0.484394 
66 0.442993 
61 0.467487 
65 0.449696 
61 0.414864 
64 0.447128 
60 0.394878 
61 0.461296 
61 0.431355 
70 0.441788 
65 0.466015 
61 0.492607 
59 0.386112 
60 0.382328 
67 0.464634 
64 0.452747 
61 0.477547 
58 0.418678 
62 0.496868 
63 0.426491 
57 0.462608 
60 0.475143 
62 0.459885 
62 0.384361 
63 0.513638 
62 0.498055 
64 0.466053 
61 0.51178 
63 0.46376 
61 0.453346 
60 0.458004 
64 0.38662 
53 0.476532 
68 0.471554 
62 0.415623 
63 0.467979 
60 0.416134 
57 0.470402 
60 0.415253 
64 0.428497 
60 0.447769 
64 0.464626 
59 0.50465 
63 0.403442 
63 0.420082 
63 0.451408 
64 0.466362 
52 0.429775 
67 0.452618 
65 0.461132 
63 0.403072 
64 0.440308 
61 0.413578 
63 0.427982 
59 0.531628 
65 0.479 
63 0.426407 
63 0.463104 
61 0.467648 
62 0.398766 
63 0.414635 
60 0.468052 
60 0.443817 
66 0.489418 
61 0.435062 
55 0.413734 
67 0.364792 
61 0.49501 
59 0.467323 
60 0.470581 
60 0.457977 
59 0.422668 
53 0.441563 
60 0.464382 
58 0.41938 
52 0.440506 
67 0.47654 
55 0.405937 
67 0.412273 
58 0.418304 
65 0.45874 
56 0.436352 
60 0.367565 
61 0.421101 
56 0.479786 
54 0.442589 
56 0.365051 
62 0.529732 
62 0.486874 
50 0.468502 
58 0.390388 
59 0.449661 
63 0.445995 
64 0.489407 
58 0.465164 
67 0.443508 
57 0.47406 
52 0.430725 
56 0.426392 
57 0.448261 
64 0.444321 
64 0.461567 
61 0.467762 
63 0.387619 
59 0.498863 
62 0.409348 
63 0.480877 
58 0.458977 
60 0.473923 
60 0.403286 
59 0.450577 
61 0.383465 
57 0.497028 
55 0.402443 
61 0.436401 
57 0.388294 
60 0.472988 
58 0.42897 
57 0.374226 
53 0.484058 
59 0.423336 
59 0.409134 
54 0.380989 
49 0.429054 
62 0.605091 
69 0.473652 
59 0.462791 
69 0.435024 
59 0.422035 
57 0.454044 
59 0.437416 
58 0.452122 
64 0.43919 
60 0.490234 
58 0.434563 
63 0.438946 
60 0.499874 
61 0.443291 
53 0.398567 
61 0.626451 
59 0.404114 
63 0.371792 
58 0.437584 
60 0.412407 
52 0.491081 
55 0.442726 
58 0.453056 
61 0.373188 
59 0.373039 
59 0.386909 
60 0.413551 
60 0.423439 
60 0.46331 
56 0.417549 
59 0.375446 
58 0.433674 
63 0.462536 
58 0.421902 
63 0.499348 
63 0.401237 
60 0.433125 
55 0.47184 
56 0.461426 
54 0.407173 
60 0.47229 
57 0.469261 
53 0.439846 
55 0.502197 
58 0.417065 
58 0.432144 
57 0.444202 
57 0.459404 
58 0.400234 
55 0.506908 
59 0.381081 
56 0.472439 
62 0.436886 
57 0.48241 
64 0.525455 
59 0.471294 
60 0.416019 
60 0.412518 
63 0.463963 
60 0.426235 
60 0.450916 
65 0.487137 
58 0.405151 
58 0.529106 
66 0.488617 
51 0.442772 
57 0.512939 
59 0.496014 
56 0.507942 
58 0.414783 
58 0.471783 
54 0.37999 
56 0.470181 
55 0.476723 
60 0.449417 
64 0.41954 
61 0.438671 
57 0.406094 
59 0.468121 
57 0.461185 
53 0.446453 
59 0.435883 
60 0.462776 
53 0.409462 
62 0.451588 
61 0.505646 
57 0.435722 
65 0.407608 
60 0.46722 
54 0.430416 
61 0.476612 
61 0.487251 
64 0.458061 
62 0.423138 
58 0.467636 
63 0.468552 
64 0.421612 
58 0.453682 
59 0.427074 
65 0.4589 
58 0.418217 
58 0.424274 
62 0.422626 
57 0.422287 
56 0.459625 
58 0.469135 
61 0.415634 
60 0.510044 
60 0.37043 
61 0.463474 
61 0.468456 
54 0.440155 
60 0.460922 
60 0.382854 
59 0.40707 
54 0.455616 
56 0.429241 
64 0.434925 
56 0.410221 
57 0.490749 
61 0.427689 
59 0.444225 
65 0.473087 
63 0.468952 
66 0.452469 
55 0.416393 
59 0.399044 
59 0.418556 
60 0.443039 
66 0.457699 
59 0.466599 
55 0.51791 
61 0.456879 
65 0.434238 
61 0.43985 
54 0.437294 
60 0.451439 
60 0.463165 
66 0.51144 
54 0.472637 
60 0.461929 
64 0.423012 
63 0.480682 
62 0.481415 
52 0.39983 
64 0.506958 
62 0.44294 
60 0.441902 
54 0.444969 
62 0.399361 
59 0.438023 
61 0.388649 
54 0.446625 
56 0.376072 
57 0.403137 
62 0.432995 
61 0.42017 
57 0.47028 
59 0.361942 
59 0.500122 
61 0.396648 
56 0.374939 
64 0.430119 
61 0.47263 
62 0.47134 
55 0.447605 
54 0.412346 
58 0.43383 
60 0.506611 
59 0.402428 
62 0.454491 
61 0.437424 
61 0.366699 
57 0.424347 
66 0.462376 
50 0.399361 
63 0.493317 
61 0.546986 
56 0.423359 
59 0.390484 
62 0.404892 
58 0.478504 
56 0.430782 
56 0.501282 
57 0.410961 
64 0.447632 
61 0.453533 
65 0.44241 
61 0.506081 
63 0.483704 
63 0.44241 
58 0.47998 
56 0.448132 
64 0.426781 
61 0.420586 
62 0.45734 
60 0.490284 
62 0.485069 
64 0.405006 
63 0.459026 
58 0.432632 
61 0.470303 
57 0.482433 
58 0.468033 
58 0.423752 
59 0.484211 
58 0.423977 
65 0.486439 
59 0.416737 
61 0.39275 
57 0.466446 
59 0.462887 
60 0.459377 
58 0.416847 
63 0.491806 
61 0.507256 
58 0.426811 
62 0.47197 
61 0.434444 
66 0.446068 
59 0.522766 
63 0.446938 
63 0.429478 
55 0.473869 
60 0.452377 
65 0.495354 
54 0.458759 
58 0.384949 
62 0.490902 
63 0.42355 
56 0.376469 
64 0.460968 
61 0.463882 
60 0.412205 
62 0.460438 
57 0.41576 
58 0.419655 
61 0.4319 
58 0.335018 
58 0.469646 
64 0.407784 
60 0.40255 
54 0.422363 
56 0.423622 
59 0.434147 
66 0.437996 
63 0.387825 
61 0.42738 
47 0.425697 
58 0.445221 
63 0.441158 
61 0.405464 
61 0.479092 
63 0.441837 
55 0.405293 
57 0.478764 
60 0.452721 
62 0.458797 
60 0.413532 
60 0.382751 
61 0.495464 
66 0.455673 
69 0.451065 
57 0.501709 
57 0.41021 
64 0.43811 
55 0.462158 
55 0.446705 
61 0.424103 
57 0.452496 
61 0.470623 
58 0.46574 
66 0.438461 
59 0.399014 
55 0.403049 
65 0.497463 
60 0.40477 
59 0.443527 
65 0.491177 
57 0.453098 
61 0.349403 
60 0.411713 
62 0.405487 
60 0.452518 
59 0.408634 
62 0.479683 
60 0.399681 
59 0.473137 
63 0.457504 
56 0.393147 
71 0.389416 
59 0.467213 
61 0.409004 
50 0.38361 
59 0.480156 
63 0.481335 
62 0.431946 
65 0.43042 
65 0.402027 
65 0.431065 
58 0.463379 
60 0.51759 
64 0.453224 
56 0.45919 
57 0.393482 
60 0.496243 
59 0.416748 
63 0.426949 
61 0.440556 
62 0.438705 
66 0.433052 
60 0.456146 
64 0.447044 
60 0.440845 
56 0.421379 
67 0.446198 
63 0.383945 
58 0.450371 
61 0.436817 
67 0.490822 
58 0.439854 
55 0.398582 
59 0.374535 
59 0.493526 
56 0.417934 
68 0.455105 
65 0.451233 
61 0.445629 
63 0.438988 
65 0.456409 
57 0.439293 
57 0.361195 
60 0.397118 
61 0.477024 
59 0.376823 
59 0.400639 
61 0.456402 
61 0.471638 
61 0.408859 
59 0.458294 
58 0.463169 
54 0.381176 
62 0.482319 
62 0.421959 
57 0.433701 
59 0.411423 
60 0.448944 
57 0.462242 
54 0.462097 
54 0.443478 
58 0.408588 
63 0.509846 
61 0.379314 
58 0.474014 
57 0.481232 
62 0.420258 
62 0.495224 
56 0.428085 
63 0.453045 
63 0.476189 
63 0.513248 
57 0.391224 
65 0.414848 
59 0.431229 
61 0.466873 
57 0.46722 
67 0.424736 
65 0.440834 
54 0.456718 
64 0.419407 
61 0.454594 
64 0.438942 
63 0.45718 
62 0.466263 
54 0.415695 
61 0.403534 
60 0.473072 
59 0.479965 
60 0.426434 
62 0.420391 
61 0.397423 
64 0.463337 
59 0.379826 
58 0.447262 
63 0.406139 
50 0.348549 
63 0.452778 
62 0.479256 
57 0.453083 
59 0.475395 
64 0.473564 
65 0.444817 
61 0.466999 
64 0.450462 
64 0.415722 
57 0.47559 
65 0.436226 
61 0.42572 
65 0.470097 
64 0.431637 
63 0.488716 
64 0.478313 
61 0.431423 
61 0.485901 
64 0.476963 
65 0.404888 
67 0.467869 
67 0.472652 
65 0.486607 
66 0.457363 
62 0.439999 
69 0.484814 
57 0.444912 
59 0.38467 
60 0.411472 
61 0.371178 
62 0.440361 
58 0.412712 
60 0.455597 
63 0.485546 
61 0.434937 
49 0.438717 
61 0.479885 
63 0.51527 
62 0.418602 
58 0.480682 
61 0.410427 
62 0.421303 
62 0.449444 
65 0.48502 
53 0.431351 
60 0.445717 
61 0.430969 
56 0.497387 
64 0.420956 
68 0.441288 
56 0.48391 
60 0.386662 
62 0.436298 
57 0.494091 
64 0.488003 
65 0.428223 
61 0.428593 
58 0.483616 
58 0.463551 
65 0.447727 
62 0.422398 
53 0.452 
61 0.44154 
61 0.430374 
60 0.388515 
61 0.471249 
62 0.413425 
58 0.426514 
64 0.370045 
62 0.416439 
54 0.439045 
59 0.44754 
64 0.399261 
64 0.496029 
63 0.429428 
54 0.487553 
56 0.485722 
57 0.476856 
60 0.413258 
65 0.373447 
58 0.416588 
56 0.440929 
60 0.469646 
57 0.435078 
66 0.420025 
59 0.438198 
61 0.449207 
59 0.508904 
63 0.435604 
60 0.430714 
56 0.410217 
65 0.432182 
70 0.489971 
66 0.45718 
54 0.402248 
68 0.482811 
59 0.450138 
60 0.47773 
60 0.402714 
65 0.417343 
60 0.470249 
56 0.453434 
59 0.429718 
58 0.425457 
62 0.498253 
70 0.455418 
59 0.389416 
60 0.41325 
57 0.479702 
68 0.493378 
61 0.385159 
60 0.446365 
66 0.466938 
58 0.397427 
61 0.438457 
59 0.430843 
60 0.394451 
59 0.396854 
61 0.436676 
68 0.433754 
62 0.360851 
59 0.440052 
60 0.470146 
62 0.466923 
61 0.451164 
60 0.492874 
65 0.489079 
56 0.468517 
50 0.417 
67 0.438919 
65 0.450008 
60 0.477371 
58 0.448292 
58 0.46489 
60 0.500938 
62 0.43977 
60 0.412933 
62 0.455242 
60 0.458733 
61 0.472527 
55 0.443672 
65 0.435539 
67 0.497574 
63 0.450199 
64 0.457977 
56 0.446823 
64 0.459366 
66 0.445755 
55 0.451267 
60 0.52224 
68 0.410755 
67 0.462532 
62 0.457767 
60 0.448887 

