7702 0.5411 
7852 0.535713 
7785 0.529846 
7799 0.552891 
7829 0.535164 
7785 0.530575 
7745 0.54966 
7861 0.54451 
7741 0.529999 
7750 0.52533 
7798 0.542561 
7766 0.535378 
7792 0.554451 
7785 0.542767 
7818 0.533279 
7782 0.567879 
7737 0.542187 
7714 0.528954 
7837 0.535847 
7785 0.54052 
7795 0.524155 
7860 0.554195 
7770 0.53326 
7794 0.531784 
7798 0.523933 
7780 0.553814 
7859 0.549091 
7782 0.52203 
7754 0.523254 
7833 0.52095 
241843 0.554985 
241528 0.565521 
10382 0.539276 
159450 0.552231 
242009 0.564598 
34744 0.563507 
176586 0.562775 
242356 0.564289 
241910 0.551598 
203939 0.560963 
241527 0.562531 
241348 0.558895 
241896 0.563671 
241911 0.564018 
110339 0.548702 
242079 0.570446 
241741 0.554371 
31628 0.536659 
241773 0.569309 
241808 0.566628 
242105 0.552891 
165486 0.558857 
241575 0.555687 
241447 0.553776 
242141 0.571926 
242133 0.569267 
242252 0.561222 
242435 0.553879 
242259 0.569309 
241838 0.570438 
222881 0.559883 
89768 0.552414 
121172 0.55901 
476082 0.566833 
62530 0.546543 
476244 0.56501 
475817 0.56432 
476244 0.584045 
476269 0.566021 
340356 0.575043 
476060 0.561039 
475920 0.561237 
101876 0.546993 
475382 0.565254 
433237 0.561951 
475759 0.566315 
475786 0.558311 
31539 0.552429 
114319 0.566811 
476357 0.558067 
475823 0.567142 
476087 0.563328 
475581 0.568089 
396647 0.560638 
476125 0.568092 
447800 0.558136 
476054 0.562866 
476099 0.56126 
149726 0.552723 
146944 0.553154 
710475 0.573826 
710465 0.567585 
289295 0.570557 
710452 0.564354 
83824 0.547367 
256271 0.569138 
710364 0.5662 
119014 0.550171 
709935 0.575695 
709325 0.573006 
709754 0.564621 
710091 0.575768 
710199 0.565403 
291128 0.561977 
72893 0.552216 
709661 0.565529 
364779 0.56181 
158533 0.550873 
709876 0.579418 
170075 0.562813 
90775 0.555916 
625978 0.570652 
60358 0.548714 
709807 0.575996 
282457 0.570213 
710238 0.568306 
709724 0.577892 
709679 0.567303 
400155 0.561291 
709939 0.563465 
